20160414023947 2 6 100 2047 5 E9BC5EF483DD2CA6C03929D54759FA7AEEA1EF78640835DC085D069226127DDA748BDB03BF19FEA126DA1744A21FD41210F282B19A160DEDFD4E211EF9DF03656338004FBB93082837E21467DAD7EC05E36BF0458E77CA40EBDEF1F1B1F393DC218976F985F51397D3119FDD12EE4ABB6FBE1E16753E346B20B8716EF25B1EB79F0A316A3C55A714BAB6C0C2DFEF4898831056FDF6FDE3D0BE063308867209F7F30DC594F29107020F731086F037C458688F3863F8790B06055C0CD5C04B34FFCE14B01ACCBB80EEE2B94D8C69912B6A58807073D20C8D01C926172F6671745D0C23D14A96DB8B01D812E357D2437F5AA7EEFDBD0429ADDAAD0B04AF5D94BBDF
20160414023958 2 6 100 2047 5 E9BC5EF483DD2CA6C03929D54759FA7AEEA1EF78640835DC085D069226127DDA748BDB03BF19FEA126DA1744A21FD41210F282B19A160DEDFD4E211EF9DF03656338004FBB93082837E21467DAD7EC05E36BF0458E77CA40EBDEF1F1B1F393DC218976F985F51397D3119FDD12EE4ABB6FBE1E16753E346B20B8716EF25B1EB79F0A316A3C55A714BAB6C0C2DFEF4898831056FDF6FDE3D0BE063308867209F7F30DC594F29107020F731086F037C458688F3863F8790B06055C0CD5C04B34FFCE14B01ACCBB80EEE2B94D8C69912B6A58807073D20C8D01C926172F6671745D0C23D14A96DB8B01D812E357D2437F5AA7EEFDBD0429ADDAAD0B04AF5DFBB827
20160414023959 2 6 100 2047 2 E9BC5EF483DD2CA6C03929D54759FA7AEEA1EF78640835DC085D069226127DDA748BDB03BF19FEA126DA1744A21FD41210F282B19A160DEDFD4E211EF9DF03656338004FBB93082837E21467DAD7EC05E36BF0458E77CA40EBDEF1F1B1F393DC218976F985F51397D3119FDD12EE4ABB6FBE1E16753E346B20B8716EF25B1EB79F0A316A3C55A714BAB6C0C2DFEF4898831056FDF6FDE3D0BE063308867209F7F30DC594F29107020F731086F037C458688F3863F8790B06055C0CD5C04B34FFCE14B01ACCBB80EEE2B94D8C69912B6A58807073D20C8D01C926172F6671745D0C23D14A96DB8B01D812E357D2437F5AA7EEFDBD0429ADDAAD0B04AF5E03CD8B
20160414024013 2 6 100 2047 2 E9BC5EF483DD2CA6C03929D54759FA7AEEA1EF78640835DC085D069226127DDA748BDB03BF19FEA126DA1744A21FD41210F282B19A160DEDFD4E211EF9DF03656338004FBB93082837E21467DAD7EC05E36BF0458E77CA40EBDEF1F1B1F393DC218976F985F51397D3119FDD12EE4ABB6FBE1E16753E346B20B8716EF25B1EB79F0A316A3C55A714BAB6C0C2DFEF4898831056FDF6FDE3D0BE063308867209F7F30DC594F29107020F731086F037C458688F3863F8790B06055C0CD5C04B34FFCE14B01ACCBB80EEE2B94D8C69912B6A58807073D20C8D01C926172F6671745D0C23D14A96DB8B01D812E357D2437F5AA7EEFDBD0429ADDAAD0B04AF5E8CEA03
20160414024016 2 6 100 2047 2 E9BC5EF483DD2CA6C03929D54759FA7AEEA1EF78640835DC085D069226127DDA748BDB03BF19FEA126DA1744A21FD41210F282B19A160DEDFD4E211EF9DF03656338004FBB93082837E21467DAD7EC05E36BF0458E77CA40EBDEF1F1B1F393DC218976F985F51397D3119FDD12EE4ABB6FBE1E16753E346B20B8716EF25B1EB79F0A316A3C55A714BAB6C0C2DFEF4898831056FDF6FDE3D0BE063308867209F7F30DC594F29107020F731086F037C458688F3863F8790B06055C0CD5C04B34FFCE14B01ACCBB80EEE2B94D8C69912B6A58807073D20C8D01C926172F6671745D0C23D14A96DB8B01D812E357D2437F5AA7EEFDBD0429ADDAAD0B04AF5E9E66DB
20160414024018 2 6 100 2047 2 E9BC5EF483DD2CA6C03929D54759FA7AEEA1EF78640835DC085D069226127DDA748BDB03BF19FEA126DA1744A21FD41210F282B19A160DEDFD4E211EF9DF03656338004FBB93082837E21467DAD7EC05E36BF0458E77CA40EBDEF1F1B1F393DC218976F985F51397D3119FDD12EE4ABB6FBE1E16753E346B20B8716EF25B1EB79F0A316A3C55A714BAB6C0C2DFEF4898831056FDF6FDE3D0BE063308867209F7F30DC594F29107020F731086F037C458688F3863F8790B06055C0CD5C04B34FFCE14B01ACCBB80EEE2B94D8C69912B6A58807073D20C8D01C926172F6671745D0C23D14A96DB8B01D812E357D2437F5AA7EEFDBD0429ADDAAD0B04AF5EB2C4DB
20160414024023 2 6 100 2047 5 E9BC5EF483DD2CA6C03929D54759FA7AEEA1EF78640835DC085D069226127DDA748BDB03BF19FEA126DA1744A21FD41210F282B19A160DEDFD4E211EF9DF03656338004FBB93082837E21467DAD7EC05E36BF0458E77CA40EBDEF1F1B1F393DC218976F985F51397D3119FDD12EE4ABB6FBE1E16753E346B20B8716EF25B1EB79F0A316A3C55A714BAB6C0C2DFEF4898831056FDF6FDE3D0BE063308867209F7F30DC594F29107020F731086F037C458688F3863F8790B06055C0CD5C04B34FFCE14B01ACCBB80EEE2B94D8C69912B6A58807073D20C8D01C926172F6671745D0C23D14A96DB8B01D812E357D2437F5AA7EEFDBD0429ADDAAD0B04AF5EDB365F
20160414024028 2 6 100 2047 2 E9BC5EF483DD2CA6C03929D54759FA7AEEA1EF78640835DC085D069226127DDA748BDB03BF19FEA126DA1744A21FD41210F282B19A160DEDFD4E211EF9DF03656338004FBB93082837E21467DAD7EC05E36BF0458E77CA40EBDEF1F1B1F393DC218976F985F51397D3119FDD12EE4ABB6FBE1E16753E346B20B8716EF25B1EB79F0A316A3C55A714BAB6C0C2DFEF4898831056FDF6FDE3D0BE063308867209F7F30DC594F29107020F731086F037C458688F3863F8790B06055C0CD5C04B34FFCE14B01ACCBB80EEE2B94D8C69912B6A58807073D20C8D01C926172F6671745D0C23D14A96DB8B01D812E357D2437F5AA7EEFDBD0429ADDAAD0B04AF5F0B22D3
20160414024032 2 6 100 2047 5 E9BC5EF483DD2CA6C03929D54759FA7AEEA1EF78640835DC085D069226127DDA748BDB03BF19FEA126DA1744A21FD41210F282B19A160DEDFD4E211EF9DF03656338004FBB93082837E21467DAD7EC05E36BF0458E77CA40EBDEF1F1B1F393DC218976F985F51397D3119FDD12EE4ABB6FBE1E16753E346B20B8716EF25B1EB79F0A316A3C55A714BAB6C0C2DFEF4898831056FDF6FDE3D0BE063308867209F7F30DC594F29107020F731086F037C458688F3863F8790B06055C0CD5C04B34FFCE14B01ACCBB80EEE2B94D8C69912B6A58807073D20C8D01C926172F6671745D0C23D14A96DB8B01D812E357D2437F5AA7EEFDBD0429ADDAAD0B04AF5F2D697F
20160414024037 2 6 100 2047 5 E9BC5EF483DD2CA6C03929D54759FA7AEEA1EF78640835DC085D069226127DDA748BDB03BF19FEA126DA1744A21FD41210F282B19A160DEDFD4E211EF9DF03656338004FBB93082837E21467DAD7EC05E36BF0458E77CA40EBDEF1F1B1F393DC218976F985F51397D3119FDD12EE4ABB6FBE1E16753E346B20B8716EF25B1EB79F0A316A3C55A714BAB6C0C2DFEF4898831056FDF6FDE3D0BE063308867209F7F30DC594F29107020F731086F037C458688F3863F8790B06055C0CD5C04B34FFCE14B01ACCBB80EEE2B94D8C69912B6A58807073D20C8D01C926172F6671745D0C23D14A96DB8B01D812E357D2437F5AA7EEFDBD0429ADDAAD0B04AF5F542FD7
20160414024039 2 6 100 2047 2 E9BC5EF483DD2CA6C03929D54759FA7AEEA1EF78640835DC085D069226127DDA748BDB03BF19FEA126DA1744A21FD41210F282B19A160DEDFD4E211EF9DF03656338004FBB93082837E21467DAD7EC05E36BF0458E77CA40EBDEF1F1B1F393DC218976F985F51397D3119FDD12EE4ABB6FBE1E16753E346B20B8716EF25B1EB79F0A316A3C55A714BAB6C0C2DFEF4898831056FDF6FDE3D0BE063308867209F7F30DC594F29107020F731086F037C458688F3863F8790B06055C0CD5C04B34FFCE14B01ACCBB80EEE2B94D8C69912B6A58807073D20C8D01C926172F6671745D0C23D14A96DB8B01D812E357D2437F5AA7EEFDBD0429ADDAAD0B04AF5F67F22B
20160414024043 2 6 100 2047 2 E9BC5EF483DD2CA6C03929D54759FA7AEEA1EF78640835DC085D069226127DDA748BDB03BF19FEA126DA1744A21FD41210F282B19A160DEDFD4E211EF9DF03656338004FBB93082837E21467DAD7EC05E36BF0458E77CA40EBDEF1F1B1F393DC218976F985F51397D3119FDD12EE4ABB6FBE1E16753E346B20B8716EF25B1EB79F0A316A3C55A714BAB6C0C2DFEF4898831056FDF6FDE3D0BE063308867209F7F30DC594F29107020F731086F037C458688F3863F8790B06055C0CD5C04B34FFCE14B01ACCBB80EEE2B94D8C69912B6A58807073D20C8D01C926172F6671745D0C23D14A96DB8B01D812E357D2437F5AA7EEFDBD0429ADDAAD0B04AF5F88FCDB
20160414024047 2 6 100 2047 2 E9BC5EF483DD2CA6C03929D54759FA7AEEA1EF78640835DC085D069226127DDA748BDB03BF19FEA126DA1744A21FD41210F282B19A160DEDFD4E211EF9DF03656338004FBB93082837E21467DAD7EC05E36BF0458E77CA40EBDEF1F1B1F393DC218976F985F51397D3119FDD12EE4ABB6FBE1E16753E346B20B8716EF25B1EB79F0A316A3C55A714BAB6C0C2DFEF4898831056FDF6FDE3D0BE063308867209F7F30DC594F29107020F731086F037C458688F3863F8790B06055C0CD5C04B34FFCE14B01ACCBB80EEE2B94D8C69912B6A58807073D20C8D01C926172F6671745D0C23D14A96DB8B01D812E357D2437F5AA7EEFDBD0429ADDAAD0B04AF5FAB26E3
20160414024053 2 6 100 2047 2 E9BC5EF483DD2CA6C03929D54759FA7AEEA1EF78640835DC085D069226127DDA748BDB03BF19FEA126DA1744A21FD41210F282B19A160DEDFD4E211EF9DF03656338004FBB93082837E21467DAD7EC05E36BF0458E77CA40EBDEF1F1B1F393DC218976F985F51397D3119FDD12EE4ABB6FBE1E16753E346B20B8716EF25B1EB79F0A316A3C55A714BAB6C0C2DFEF4898831056FDF6FDE3D0BE063308867209F7F30DC594F29107020F731086F037C458688F3863F8790B06055C0CD5C04B34FFCE14B01ACCBB80EEE2B94D8C69912B6A58807073D20C8D01C926172F6671745D0C23D14A96DB8B01D812E357D2437F5AA7EEFDBD0429ADDAAD0B04AF5FDB0B6B
20160414024055 2 6 100 2047 5 E9BC5EF483DD2CA6C03929D54759FA7AEEA1EF78640835DC085D069226127DDA748BDB03BF19FEA126DA1744A21FD41210F282B19A160DEDFD4E211EF9DF03656338004FBB93082837E21467DAD7EC05E36BF0458E77CA40EBDEF1F1B1F393DC218976F985F51397D3119FDD12EE4ABB6FBE1E16753E346B20B8716EF25B1EB79F0A316A3C55A714BAB6C0C2DFEF4898831056FDF6FDE3D0BE063308867209F7F30DC594F29107020F731086F037C458688F3863F8790B06055C0CD5C04B34FFCE14B01ACCBB80EEE2B94D8C69912B6A58807073D20C8D01C926172F6671745D0C23D14A96DB8B01D812E357D2437F5AA7EEFDBD0429ADDAAD0B04AF5FEB62DF
20160414024113 2 6 100 2047 2 E9BC5EF483DD2CA6C03929D54759FA7AEEA1EF78640835DC085D069226127DDA748BDB03BF19FEA126DA1744A21FD41210F282B19A160DEDFD4E211EF9DF03656338004FBB93082837E21467DAD7EC05E36BF0458E77CA40EBDEF1F1B1F393DC218976F985F51397D3119FDD12EE4ABB6FBE1E16753E346B20B8716EF25B1EB79F0A316A3C55A714BAB6C0C2DFEF4898831056FDF6FDE3D0BE063308867209F7F30DC594F29107020F731086F037C458688F3863F8790B06055C0CD5C04B34FFCE14B01ACCBB80EEE2B94D8C69912B6A58807073D20C8D01C926172F6671745D0C23D14A96DB8B01D812E357D2437F5AA7EEFDBD0429ADDAAD0B04AF609EF973
20160414024117 2 6 100 2047 2 E9BC5EF483DD2CA6C03929D54759FA7AEEA1EF78640835DC085D069226127DDA748BDB03BF19FEA126DA1744A21FD41210F282B19A160DEDFD4E211EF9DF03656338004FBB93082837E21467DAD7EC05E36BF0458E77CA40EBDEF1F1B1F393DC218976F985F51397D3119FDD12EE4ABB6FBE1E16753E346B20B8716EF25B1EB79F0A316A3C55A714BAB6C0C2DFEF4898831056FDF6FDE3D0BE063308867209F7F30DC594F29107020F731086F037C458688F3863F8790B06055C0CD5C04B34FFCE14B01ACCBB80EEE2B94D8C69912B6A58807073D20C8D01C926172F6671745D0C23D14A96DB8B01D812E357D2437F5AA7EEFDBD0429ADDAAD0B04AF60C4F7A3
20160414024121 2 6 100 2047 2 E9BC5EF483DD2CA6C03929D54759FA7AEEA1EF78640835DC085D069226127DDA748BDB03BF19FEA126DA1744A21FD41210F282B19A160DEDFD4E211EF9DF03656338004FBB93082837E21467DAD7EC05E36BF0458E77CA40EBDEF1F1B1F393DC218976F985F51397D3119FDD12EE4ABB6FBE1E16753E346B20B8716EF25B1EB79F0A316A3C55A714BAB6C0C2DFEF4898831056FDF6FDE3D0BE063308867209F7F30DC594F29107020F731086F037C458688F3863F8790B06055C0CD5C04B34FFCE14B01ACCBB80EEE2B94D8C69912B6A58807073D20C8D01C926172F6671745D0C23D14A96DB8B01D812E357D2437F5AA7EEFDBD0429ADDAAD0B04AF60E8B273
20160414024132 2 6 100 2047 5 E9BC5EF483DD2CA6C03929D54759FA7AEEA1EF78640835DC085D069226127DDA748BDB03BF19FEA126DA1744A21FD41210F282B19A160DEDFD4E211EF9DF03656338004FBB93082837E21467DAD7EC05E36BF0458E77CA40EBDEF1F1B1F393DC218976F985F51397D3119FDD12EE4ABB6FBE1E16753E346B20B8716EF25B1EB79F0A316A3C55A714BAB6C0C2DFEF4898831056FDF6FDE3D0BE063308867209F7F30DC594F29107020F731086F037C458688F3863F8790B06055C0CD5C04B34FFCE14B01ACCBB80EEE2B94D8C69912B6A58807073D20C8D01C926172F6671745D0C23D14A96DB8B01D812E357D2437F5AA7EEFDBD0429ADDAAD0B04AF615A4277
20160414024139 2 6 100 2047 2 E9BC5EF483DD2CA6C03929D54759FA7AEEA1EF78640835DC085D069226127DDA748BDB03BF19FEA126DA1744A21FD41210F282B19A160DEDFD4E211EF9DF03656338004FBB93082837E21467DAD7EC05E36BF0458E77CA40EBDEF1F1B1F393DC218976F985F51397D3119FDD12EE4ABB6FBE1E16753E346B20B8716EF25B1EB79F0A316A3C55A714BAB6C0C2DFEF4898831056FDF6FDE3D0BE063308867209F7F30DC594F29107020F731086F037C458688F3863F8790B06055C0CD5C04B34FFCE14B01ACCBB80EEE2B94D8C69912B6A58807073D20C8D01C926172F6671745D0C23D14A96DB8B01D812E357D2437F5AA7EEFDBD0429ADDAAD0B04AF619C86DB
20160414024143 2 6 100 2047 2 E9BC5EF483DD2CA6C03929D54759FA7AEEA1EF78640835DC085D069226127DDA748BDB03BF19FEA126DA1744A21FD41210F282B19A160DEDFD4E211EF9DF03656338004FBB93082837E21467DAD7EC05E36BF0458E77CA40EBDEF1F1B1F393DC218976F985F51397D3119FDD12EE4ABB6FBE1E16753E346B20B8716EF25B1EB79F0A316A3C55A714BAB6C0C2DFEF4898831056FDF6FDE3D0BE063308867209F7F30DC594F29107020F731086F037C458688F3863F8790B06055C0CD5C04B34FFCE14B01ACCBB80EEE2B94D8C69912B6A58807073D20C8D01C926172F6671745D0C23D14A96DB8B01D812E357D2437F5AA7EEFDBD0429ADDAAD0B04AF61BFF1B3
20160414024147 2 6 100 2047 2 E9BC5EF483DD2CA6C03929D54759FA7AEEA1EF78640835DC085D069226127DDA748BDB03BF19FEA126DA1744A21FD41210F282B19A160DEDFD4E211EF9DF03656338004FBB93082837E21467DAD7EC05E36BF0458E77CA40EBDEF1F1B1F393DC218976F985F51397D3119FDD12EE4ABB6FBE1E16753E346B20B8716EF25B1EB79F0A316A3C55A714BAB6C0C2DFEF4898831056FDF6FDE3D0BE063308867209F7F30DC594F29107020F731086F037C458688F3863F8790B06055C0CD5C04B34FFCE14B01ACCBB80EEE2B94D8C69912B6A58807073D20C8D01C926172F6671745D0C23D14A96DB8B01D812E357D2437F5AA7EEFDBD0429ADDAAD0B04AF61DCDF7B
20160414024150 2 6 100 2047 2 E9BC5EF483DD2CA6C03929D54759FA7AEEA1EF78640835DC085D069226127DDA748BDB03BF19FEA126DA1744A21FD41210F282B19A160DEDFD4E211EF9DF03656338004FBB93082837E21467DAD7EC05E36BF0458E77CA40EBDEF1F1B1F393DC218976F985F51397D3119FDD12EE4ABB6FBE1E16753E346B20B8716EF25B1EB79F0A316A3C55A714BAB6C0C2DFEF4898831056FDF6FDE3D0BE063308867209F7F30DC594F29107020F731086F037C458688F3863F8790B06055C0CD5C04B34FFCE14B01ACCBB80EEE2B94D8C69912B6A58807073D20C8D01C926172F6671745D0C23D14A96DB8B01D812E357D2437F5AA7EEFDBD0429ADDAAD0B04AF61F7800B
20160414024206 2 6 100 2047 5 E9BC5EF483DD2CA6C03929D54759FA7AEEA1EF78640835DC085D069226127DDA748BDB03BF19FEA126DA1744A21FD41210F282B19A160DEDFD4E211EF9DF03656338004FBB93082837E21467DAD7EC05E36BF0458E77CA40EBDEF1F1B1F393DC218976F985F51397D3119FDD12EE4ABB6FBE1E16753E346B20B8716EF25B1EB79F0A316A3C55A714BAB6C0C2DFEF4898831056FDF6FDE3D0BE063308867209F7F30DC594F29107020F731086F037C458688F3863F8790B06055C0CD5C04B34FFCE14B01ACCBB80EEE2B94D8C69912B6A58807073D20C8D01C926172F6671745D0C23D14A96DB8B01D812E357D2437F5AA7EEFDBD0429ADDAAD0B04AF6297B7FF
20160414024216 2 6 100 2047 2 E9BC5EF483DD2CA6C03929D54759FA7AEEA1EF78640835DC085D069226127DDA748BDB03BF19FEA126DA1744A21FD41210F282B19A160DEDFD4E211EF9DF03656338004FBB93082837E21467DAD7EC05E36BF0458E77CA40EBDEF1F1B1F393DC218976F985F51397D3119FDD12EE4ABB6FBE1E16753E346B20B8716EF25B1EB79F0A316A3C55A714BAB6C0C2DFEF4898831056FDF6FDE3D0BE063308867209F7F30DC594F29107020F731086F037C458688F3863F8790B06055C0CD5C04B34FFCE14B01ACCBB80EEE2B94D8C69912B6A58807073D20C8D01C926172F6671745D0C23D14A96DB8B01D812E357D2437F5AA7EEFDBD0429ADDAAD0B04AF630009DB
20160414024220 2 6 100 2047 2 E9BC5EF483DD2CA6C03929D54759FA7AEEA1EF78640835DC085D069226127DDA748BDB03BF19FEA126DA1744A21FD41210F282B19A160DEDFD4E211EF9DF03656338004FBB93082837E21467DAD7EC05E36BF0458E77CA40EBDEF1F1B1F393DC218976F985F51397D3119FDD12EE4ABB6FBE1E16753E346B20B8716EF25B1EB79F0A316A3C55A714BAB6C0C2DFEF4898831056FDF6FDE3D0BE063308867209F7F30DC594F29107020F731086F037C458688F3863F8790B06055C0CD5C04B34FFCE14B01ACCBB80EEE2B94D8C69912B6A58807073D20C8D01C926172F6671745D0C23D14A96DB8B01D812E357D2437F5AA7EEFDBD0429ADDAAD0B04AF6321DA5B
20160414024225 2 6 100 2047 2 E9BC5EF483DD2CA6C03929D54759FA7AEEA1EF78640835DC085D069226127DDA748BDB03BF19FEA126DA1744A21FD41210F282B19A160DEDFD4E211EF9DF03656338004FBB93082837E21467DAD7EC05E36BF0458E77CA40EBDEF1F1B1F393DC218976F985F51397D3119FDD12EE4ABB6FBE1E16753E346B20B8716EF25B1EB79F0A316A3C55A714BAB6C0C2DFEF4898831056FDF6FDE3D0BE063308867209F7F30DC594F29107020F731086F037C458688F3863F8790B06055C0CD5C04B34FFCE14B01ACCBB80EEE2B94D8C69912B6A58807073D20C8D01C926172F6671745D0C23D14A96DB8B01D812E357D2437F5AA7EEFDBD0429ADDAAD0B04AF63490BDB
20160414024228 2 6 100 2047 5 E9BC5EF483DD2CA6C03929D54759FA7AEEA1EF78640835DC085D069226127DDA748BDB03BF19FEA126DA1744A21FD41210F282B19A160DEDFD4E211EF9DF03656338004FBB93082837E21467DAD7EC05E36BF0458E77CA40EBDEF1F1B1F393DC218976F985F51397D3119FDD12EE4ABB6FBE1E16753E346B20B8716EF25B1EB79F0A316A3C55A714BAB6C0C2DFEF4898831056FDF6FDE3D0BE063308867209F7F30DC594F29107020F731086F037C458688F3863F8790B06055C0CD5C04B34FFCE14B01ACCBB80EEE2B94D8C69912B6A58807073D20C8D01C926172F6671745D0C23D14A96DB8B01D812E357D2437F5AA7EEFDBD0429ADDAAD0B04AF63645E4F
20160414024232 2 6 100 2047 5 E9BC5EF483DD2CA6C03929D54759FA7AEEA1EF78640835DC085D069226127DDA748BDB03BF19FEA126DA1744A21FD41210F282B19A160DEDFD4E211EF9DF03656338004FBB93082837E21467DAD7EC05E36BF0458E77CA40EBDEF1F1B1F393DC218976F985F51397D3119FDD12EE4ABB6FBE1E16753E346B20B8716EF25B1EB79F0A316A3C55A714BAB6C0C2DFEF4898831056FDF6FDE3D0BE063308867209F7F30DC594F29107020F731086F037C458688F3863F8790B06055C0CD5C04B34FFCE14B01ACCBB80EEE2B94D8C69912B6A58807073D20C8D01C926172F6671745D0C23D14A96DB8B01D812E357D2437F5AA7EEFDBD0429ADDAAD0B04AF63843CFF
20160414024236 2 6 100 2047 2 E9BC5EF483DD2CA6C03929D54759FA7AEEA1EF78640835DC085D069226127DDA748BDB03BF19FEA126DA1744A21FD41210F282B19A160DEDFD4E211EF9DF03656338004FBB93082837E21467DAD7EC05E36BF0458E77CA40EBDEF1F1B1F393DC218976F985F51397D3119FDD12EE4ABB6FBE1E16753E346B20B8716EF25B1EB79F0A316A3C55A714BAB6C0C2DFEF4898831056FDF6FDE3D0BE063308867209F7F30DC594F29107020F731086F037C458688F3863F8790B06055C0CD5C04B34FFCE14B01ACCBB80EEE2B94D8C69912B6A58807073D20C8D01C926172F6671745D0C23D14A96DB8B01D812E357D2437F5AA7EEFDBD0429ADDAAD0B04AF63ABCCF3
20160414024241 2 6 100 2047 5 E9BC5EF483DD2CA6C03929D54759FA7AEEA1EF78640835DC085D069226127DDA748BDB03BF19FEA126DA1744A21FD41210F282B19A160DEDFD4E211EF9DF03656338004FBB93082837E21467DAD7EC05E36BF0458E77CA40EBDEF1F1B1F393DC218976F985F51397D3119FDD12EE4ABB6FBE1E16753E346B20B8716EF25B1EB79F0A316A3C55A714BAB6C0C2DFEF4898831056FDF6FDE3D0BE063308867209F7F30DC594F29107020F731086F037C458688F3863F8790B06055C0CD5C04B34FFCE14B01ACCBB80EEE2B94D8C69912B6A58807073D20C8D01C926172F6671745D0C23D14A96DB8B01D812E357D2437F5AA7EEFDBD0429ADDAAD0B04AF63D1C877
20160414024244 2 6 100 2047 5 E9BC5EF483DD2CA6C03929D54759FA7AEEA1EF78640835DC085D069226127DDA748BDB03BF19FEA126DA1744A21FD41210F282B19A160DEDFD4E211EF9DF03656338004FBB93082837E21467DAD7EC05E36BF0458E77CA40EBDEF1F1B1F393DC218976F985F51397D3119FDD12EE4ABB6FBE1E16753E346B20B8716EF25B1EB79F0A316A3C55A714BAB6C0C2DFEF4898831056FDF6FDE3D0BE063308867209F7F30DC594F29107020F731086F037C458688F3863F8790B06055C0CD5C04B34FFCE14B01ACCBB80EEE2B94D8C69912B6A58807073D20C8D01C926172F6671745D0C23D14A96DB8B01D812E357D2437F5AA7EEFDBD0429ADDAAD0B04AF63E78F67
20160414024245 2 6 100 2047 2 E9BC5EF483DD2CA6C03929D54759FA7AEEA1EF78640835DC085D069226127DDA748BDB03BF19FEA126DA1744A21FD41210F282B19A160DEDFD4E211EF9DF03656338004FBB93082837E21467DAD7EC05E36BF0458E77CA40EBDEF1F1B1F393DC218976F985F51397D3119FDD12EE4ABB6FBE1E16753E346B20B8716EF25B1EB79F0A316A3C55A714BAB6C0C2DFEF4898831056FDF6FDE3D0BE063308867209F7F30DC594F29107020F731086F037C458688F3863F8790B06055C0CD5C04B34FFCE14B01ACCBB80EEE2B94D8C69912B6A58807073D20C8D01C926172F6671745D0C23D14A96DB8B01D812E357D2437F5AA7EEFDBD0429ADDAAD0B04AF63EE7883
20160414024249 2 6 100 2047 2 E9BC5EF483DD2CA6C03929D54759FA7AEEA1EF78640835DC085D069226127DDA748BDB03BF19FEA126DA1744A21FD41210F282B19A160DEDFD4E211EF9DF03656338004FBB93082837E21467DAD7EC05E36BF0458E77CA40EBDEF1F1B1F393DC218976F985F51397D3119FDD12EE4ABB6FBE1E16753E346B20B8716EF25B1EB79F0A316A3C55A714BAB6C0C2DFEF4898831056FDF6FDE3D0BE063308867209F7F30DC594F29107020F731086F037C458688F3863F8790B06055C0CD5C04B34FFCE14B01ACCBB80EEE2B94D8C69912B6A58807073D20C8D01C926172F6671745D0C23D14A96DB8B01D812E357D2437F5AA7EEFDBD0429ADDAAD0B04AF6416BEAB
20160414024255 2 6 100 2047 2 E9BC5EF483DD2CA6C03929D54759FA7AEEA1EF78640835DC085D069226127DDA748BDB03BF19FEA126DA1744A21FD41210F282B19A160DEDFD4E211EF9DF03656338004FBB93082837E21467DAD7EC05E36BF0458E77CA40EBDEF1F1B1F393DC218976F985F51397D3119FDD12EE4ABB6FBE1E16753E346B20B8716EF25B1EB79F0A316A3C55A714BAB6C0C2DFEF4898831056FDF6FDE3D0BE063308867209F7F30DC594F29107020F731086F037C458688F3863F8790B06055C0CD5C04B34FFCE14B01ACCBB80EEE2B94D8C69912B6A58807073D20C8D01C926172F6671745D0C23D14A96DB8B01D812E357D2437F5AA7EEFDBD0429ADDAAD0B04AF64495503
20160414024258 2 6 100 2047 2 E9BC5EF483DD2CA6C03929D54759FA7AEEA1EF78640835DC085D069226127DDA748BDB03BF19FEA126DA1744A21FD41210F282B19A160DEDFD4E211EF9DF03656338004FBB93082837E21467DAD7EC05E36BF0458E77CA40EBDEF1F1B1F393DC218976F985F51397D3119FDD12EE4ABB6FBE1E16753E346B20B8716EF25B1EB79F0A316A3C55A714BAB6C0C2DFEF4898831056FDF6FDE3D0BE063308867209F7F30DC594F29107020F731086F037C458688F3863F8790B06055C0CD5C04B34FFCE14B01ACCBB80EEE2B94D8C69912B6A58807073D20C8D01C926172F6671745D0C23D14A96DB8B01D812E357D2437F5AA7EEFDBD0429ADDAAD0B04AF6462478B
20160414024301 2 6 100 2047 2 E9BC5EF483DD2CA6C03929D54759FA7AEEA1EF78640835DC085D069226127DDA748BDB03BF19FEA126DA1744A21FD41210F282B19A160DEDFD4E211EF9DF03656338004FBB93082837E21467DAD7EC05E36BF0458E77CA40EBDEF1F1B1F393DC218976F985F51397D3119FDD12EE4ABB6FBE1E16753E346B20B8716EF25B1EB79F0A316A3C55A714BAB6C0C2DFEF4898831056FDF6FDE3D0BE063308867209F7F30DC594F29107020F731086F037C458688F3863F8790B06055C0CD5C04B34FFCE14B01ACCBB80EEE2B94D8C69912B6A58807073D20C8D01C926172F6671745D0C23D14A96DB8B01D812E357D2437F5AA7EEFDBD0429ADDAAD0B04AF6479893B
20160414024304 2 6 100 2047 5 E9BC5EF483DD2CA6C03929D54759FA7AEEA1EF78640835DC085D069226127DDA748BDB03BF19FEA126DA1744A21FD41210F282B19A160DEDFD4E211EF9DF03656338004FBB93082837E21467DAD7EC05E36BF0458E77CA40EBDEF1F1B1F393DC218976F985F51397D3119FDD12EE4ABB6FBE1E16753E346B20B8716EF25B1EB79F0A316A3C55A714BAB6C0C2DFEF4898831056FDF6FDE3D0BE063308867209F7F30DC594F29107020F731086F037C458688F3863F8790B06055C0CD5C04B34FFCE14B01ACCBB80EEE2B94D8C69912B6A58807073D20C8D01C926172F6671745D0C23D14A96DB8B01D812E357D2437F5AA7EEFDBD0429ADDAAD0B04AF64923747
20160414024305 2 6 100 2047 5 E9BC5EF483DD2CA6C03929D54759FA7AEEA1EF78640835DC085D069226127DDA748BDB03BF19FEA126DA1744A21FD41210F282B19A160DEDFD4E211EF9DF03656338004FBB93082837E21467DAD7EC05E36BF0458E77CA40EBDEF1F1B1F393DC218976F985F51397D3119FDD12EE4ABB6FBE1E16753E346B20B8716EF25B1EB79F0A316A3C55A714BAB6C0C2DFEF4898831056FDF6FDE3D0BE063308867209F7F30DC594F29107020F731086F037C458688F3863F8790B06055C0CD5C04B34FFCE14B01ACCBB80EEE2B94D8C69912B6A58807073D20C8D01C926172F6671745D0C23D14A96DB8B01D812E357D2437F5AA7EEFDBD0429ADDAAD0B04AF6494A6B7
20160414024309 2 6 100 2047 5 E9BC5EF483DD2CA6C03929D54759FA7AEEA1EF78640835DC085D069226127DDA748BDB03BF19FEA126DA1744A21FD41210F282B19A160DEDFD4E211EF9DF03656338004FBB93082837E21467DAD7EC05E36BF0458E77CA40EBDEF1F1B1F393DC218976F985F51397D3119FDD12EE4ABB6FBE1E16753E346B20B8716EF25B1EB79F0A316A3C55A714BAB6C0C2DFEF4898831056FDF6FDE3D0BE063308867209F7F30DC594F29107020F731086F037C458688F3863F8790B06055C0CD5C04B34FFCE14B01ACCBB80EEE2B94D8C69912B6A58807073D20C8D01C926172F6671745D0C23D14A96DB8B01D812E357D2437F5AA7EEFDBD0429ADDAAD0B04AF64B505D7
20160414024311 2 6 100 2047 5 E9BC5EF483DD2CA6C03929D54759FA7AEEA1EF78640835DC085D069226127DDA748BDB03BF19FEA126DA1744A21FD41210F282B19A160DEDFD4E211EF9DF03656338004FBB93082837E21467DAD7EC05E36BF0458E77CA40EBDEF1F1B1F393DC218976F985F51397D3119FDD12EE4ABB6FBE1E16753E346B20B8716EF25B1EB79F0A316A3C55A714BAB6C0C2DFEF4898831056FDF6FDE3D0BE063308867209F7F30DC594F29107020F731086F037C458688F3863F8790B06055C0CD5C04B34FFCE14B01ACCBB80EEE2B94D8C69912B6A58807073D20C8D01C926172F6671745D0C23D14A96DB8B01D812E357D2437F5AA7EEFDBD0429ADDAAD0B04AF64C4604F
