20170403003758 2 6 100 2047 5 E57F6D915319468B4D8D9F8F5FF295E1E09A564A4F4EC8A8A72DBD12E7658DBB0E4D41320CC5DB570F7179D979A27ED9FC44E8FD8E3767B642B22A575E7378C3E8B8914DB25DA16CCB7D2203C7E71BD7D2AAA8973B6E84F3D709B05DD417C6844F69FF4E09910EB4A7052735F2CA365F5A38116C1CF428DBDDEA27BE45924536EBC68310F462A1AACDDBD07EF70AE864EB41D0581D9CECAD48CF9DE089819734B186A67439A0C0E60B095FA4BE3927B7EE6E98DC6B9F94E40F9930A40EC3404608EA0595B0272391516C49C2FAA0FA5C1B8139F1F9DFDF762FE9C566C3D432D570C6A6E23A200F8E67EBCA094DE62314B3C78485B8631884EBF7BD8A2ED126FF
20170403003800 2 6 100 2047 5 E57F6D915319468B4D8D9F8F5FF295E1E09A564A4F4EC8A8A72DBD12E7658DBB0E4D41320CC5DB570F7179D979A27ED9FC44E8FD8E3767B642B22A575E7378C3E8B8914DB25DA16CCB7D2203C7E71BD7D2AAA8973B6E84F3D709B05DD417C6844F69FF4E09910EB4A7052735F2CA365F5A38116C1CF428DBDDEA27BE45924536EBC68310F462A1AACDDBD07EF70AE864EB41D0581D9CECAD48CF9DE089819734B186A67439A0C0E60B095FA4BE3927B7EE6E98DC6B9F94E40F9930A40EC3404608EA0595B0272391516C49C2FAA0FA5C1B8139F1F9DFDF762FE9C566C3D432D570C6A6E23A200F8E67EBCA094DE62314B3C78485B8631884EBF7BD8A2F0231FF
20170403003807 2 6 100 2047 2 E57F6D915319468B4D8D9F8F5FF295E1E09A564A4F4EC8A8A72DBD12E7658DBB0E4D41320CC5DB570F7179D979A27ED9FC44E8FD8E3767B642B22A575E7378C3E8B8914DB25DA16CCB7D2203C7E71BD7D2AAA8973B6E84F3D709B05DD417C6844F69FF4E09910EB4A7052735F2CA365F5A38116C1CF428DBDDEA27BE45924536EBC68310F462A1AACDDBD07EF70AE864EB41D0581D9CECAD48CF9DE089819734B186A67439A0C0E60B095FA4BE3927B7EE6E98DC6B9F94E40F9930A40EC3404608EA0595B0272391516C49C2FAA0FA5C1B8139F1F9DFDF762FE9C566C3D432D570C6A6E23A200F8E67EBCA094DE62314B3C78485B8631884EBF7BD8A2F8AFC7B
20170403003813 2 6 100 2047 2 E57F6D915319468B4D8D9F8F5FF295E1E09A564A4F4EC8A8A72DBD12E7658DBB0E4D41320CC5DB570F7179D979A27ED9FC44E8FD8E3767B642B22A575E7378C3E8B8914DB25DA16CCB7D2203C7E71BD7D2AAA8973B6E84F3D709B05DD417C6844F69FF4E09910EB4A7052735F2CA365F5A38116C1CF428DBDDEA27BE45924536EBC68310F462A1AACDDBD07EF70AE864EB41D0581D9CECAD48CF9DE089819734B186A67439A0C0E60B095FA4BE3927B7EE6E98DC6B9F94E40F9930A40EC3404608EA0595B0272391516C49C2FAA0FA5C1B8139F1F9DFDF762FE9C566C3D432D570C6A6E23A200F8E67EBCA094DE62314B3C78485B8631884EBF7BD8A2FED7923
20170403003814 2 6 100 2047 2 E57F6D915319468B4D8D9F8F5FF295E1E09A564A4F4EC8A8A72DBD12E7658DBB0E4D41320CC5DB570F7179D979A27ED9FC44E8FD8E3767B642B22A575E7378C3E8B8914DB25DA16CCB7D2203C7E71BD7D2AAA8973B6E84F3D709B05DD417C6844F69FF4E09910EB4A7052735F2CA365F5A38116C1CF428DBDDEA27BE45924536EBC68310F462A1AACDDBD07EF70AE864EB41D0581D9CECAD48CF9DE089819734B186A67439A0C0E60B095FA4BE3927B7EE6E98DC6B9F94E40F9930A40EC3404608EA0595B0272391516C49C2FAA0FA5C1B8139F1F9DFDF762FE9C566C3D432D570C6A6E23A200F8E67EBCA094DE62314B3C78485B8631884EBF7BD8A2FF74133
20170403003818 2 6 100 2047 2 E57F6D915319468B4D8D9F8F5FF295E1E09A564A4F4EC8A8A72DBD12E7658DBB0E4D41320CC5DB570F7179D979A27ED9FC44E8FD8E3767B642B22A575E7378C3E8B8914DB25DA16CCB7D2203C7E71BD7D2AAA8973B6E84F3D709B05DD417C6844F69FF4E09910EB4A7052735F2CA365F5A38116C1CF428DBDDEA27BE45924536EBC68310F462A1AACDDBD07EF70AE864EB41D0581D9CECAD48CF9DE089819734B186A67439A0C0E60B095FA4BE3927B7EE6E98DC6B9F94E40F9930A40EC3404608EA0595B0272391516C49C2FAA0FA5C1B8139F1F9DFDF762FE9C566C3D432D570C6A6E23A200F8E67EBCA094DE62314B3C78485B8631884EBF7BD8A304AC7B3
20170403003825 2 6 100 2047 2 E57F6D915319468B4D8D9F8F5FF295E1E09A564A4F4EC8A8A72DBD12E7658DBB0E4D41320CC5DB570F7179D979A27ED9FC44E8FD8E3767B642B22A575E7378C3E8B8914DB25DA16CCB7D2203C7E71BD7D2AAA8973B6E84F3D709B05DD417C6844F69FF4E09910EB4A7052735F2CA365F5A38116C1CF428DBDDEA27BE45924536EBC68310F462A1AACDDBD07EF70AE864EB41D0581D9CECAD48CF9DE089819734B186A67439A0C0E60B095FA4BE3927B7EE6E98DC6B9F94E40F9930A40EC3404608EA0595B0272391516C49C2FAA0FA5C1B8139F1F9DFDF762FE9C566C3D432D570C6A6E23A200F8E67EBCA094DE62314B3C78485B8631884EBF7BD8A30CDEDEB
20170403003826 2 6 100 2047 2 E57F6D915319468B4D8D9F8F5FF295E1E09A564A4F4EC8A8A72DBD12E7658DBB0E4D41320CC5DB570F7179D979A27ED9FC44E8FD8E3767B642B22A575E7378C3E8B8914DB25DA16CCB7D2203C7E71BD7D2AAA8973B6E84F3D709B05DD417C6844F69FF4E09910EB4A7052735F2CA365F5A38116C1CF428DBDDEA27BE45924536EBC68310F462A1AACDDBD07EF70AE864EB41D0581D9CECAD48CF9DE089819734B186A67439A0C0E60B095FA4BE3927B7EE6E98DC6B9F94E40F9930A40EC3404608EA0595B0272391516C49C2FAA0FA5C1B8139F1F9DFDF762FE9C566C3D432D570C6A6E23A200F8E67EBCA094DE62314B3C78485B8631884EBF7BD8A30E363DB
20170403003830 2 6 100 2047 5 E57F6D915319468B4D8D9F8F5FF295E1E09A564A4F4EC8A8A72DBD12E7658DBB0E4D41320CC5DB570F7179D979A27ED9FC44E8FD8E3767B642B22A575E7378C3E8B8914DB25DA16CCB7D2203C7E71BD7D2AAA8973B6E84F3D709B05DD417C6844F69FF4E09910EB4A7052735F2CA365F5A38116C1CF428DBDDEA27BE45924536EBC68310F462A1AACDDBD07EF70AE864EB41D0581D9CECAD48CF9DE089819734B186A67439A0C0E60B095FA4BE3927B7EE6E98DC6B9F94E40F9930A40EC3404608EA0595B0272391516C49C2FAA0FA5C1B8139F1F9DFDF762FE9C566C3D432D570C6A6E23A200F8E67EBCA094DE62314B3C78485B8631884EBF7BD8A312511AF
20170403003833 2 6 100 2047 5 E57F6D915319468B4D8D9F8F5FF295E1E09A564A4F4EC8A8A72DBD12E7658DBB0E4D41320CC5DB570F7179D979A27ED9FC44E8FD8E3767B642B22A575E7378C3E8B8914DB25DA16CCB7D2203C7E71BD7D2AAA8973B6E84F3D709B05DD417C6844F69FF4E09910EB4A7052735F2CA365F5A38116C1CF428DBDDEA27BE45924536EBC68310F462A1AACDDBD07EF70AE864EB41D0581D9CECAD48CF9DE089819734B186A67439A0C0E60B095FA4BE3927B7EE6E98DC6B9F94E40F9930A40EC3404608EA0595B0272391516C49C2FAA0FA5C1B8139F1F9DFDF762FE9C566C3D432D570C6A6E23A200F8E67EBCA094DE62314B3C78485B8631884EBF7BD8A3159C257
20170403003833 2 6 100 2047 5 E57F6D915319468B4D8D9F8F5FF295E1E09A564A4F4EC8A8A72DBD12E7658DBB0E4D41320CC5DB570F7179D979A27ED9FC44E8FD8E3767B642B22A575E7378C3E8B8914DB25DA16CCB7D2203C7E71BD7D2AAA8973B6E84F3D709B05DD417C6844F69FF4E09910EB4A7052735F2CA365F5A38116C1CF428DBDDEA27BE45924536EBC68310F462A1AACDDBD07EF70AE864EB41D0581D9CECAD48CF9DE089819734B186A67439A0C0E60B095FA4BE3927B7EE6E98DC6B9F94E40F9930A40EC3404608EA0595B0272391516C49C2FAA0FA5C1B8139F1F9DFDF762FE9C566C3D432D570C6A6E23A200F8E67EBCA094DE62314B3C78485B8631884EBF7BD8A315CE90F
20170403003836 2 6 100 2047 5 E57F6D915319468B4D8D9F8F5FF295E1E09A564A4F4EC8A8A72DBD12E7658DBB0E4D41320CC5DB570F7179D979A27ED9FC44E8FD8E3767B642B22A575E7378C3E8B8914DB25DA16CCB7D2203C7E71BD7D2AAA8973B6E84F3D709B05DD417C6844F69FF4E09910EB4A7052735F2CA365F5A38116C1CF428DBDDEA27BE45924536EBC68310F462A1AACDDBD07EF70AE864EB41D0581D9CECAD48CF9DE089819734B186A67439A0C0E60B095FA4BE3927B7EE6E98DC6B9F94E40F9930A40EC3404608EA0595B0272391516C49C2FAA0FA5C1B8139F1F9DFDF762FE9C566C3D432D570C6A6E23A200F8E67EBCA094DE62314B3C78485B8631884EBF7BD8A317DF1DF
20170403003836 2 6 100 2047 2 E57F6D915319468B4D8D9F8F5FF295E1E09A564A4F4EC8A8A72DBD12E7658DBB0E4D41320CC5DB570F7179D979A27ED9FC44E8FD8E3767B642B22A575E7378C3E8B8914DB25DA16CCB7D2203C7E71BD7D2AAA8973B6E84F3D709B05DD417C6844F69FF4E09910EB4A7052735F2CA365F5A38116C1CF428DBDDEA27BE45924536EBC68310F462A1AACDDBD07EF70AE864EB41D0581D9CECAD48CF9DE089819734B186A67439A0C0E60B095FA4BE3927B7EE6E98DC6B9F94E40F9930A40EC3404608EA0595B0272391516C49C2FAA0FA5C1B8139F1F9DFDF762FE9C566C3D432D570C6A6E23A200F8E67EBCA094DE62314B3C78485B8631884EBF7BD8A31866B4B
20170403003839 2 6 100 2047 2 E57F6D915319468B4D8D9F8F5FF295E1E09A564A4F4EC8A8A72DBD12E7658DBB0E4D41320CC5DB570F7179D979A27ED9FC44E8FD8E3767B642B22A575E7378C3E8B8914DB25DA16CCB7D2203C7E71BD7D2AAA8973B6E84F3D709B05DD417C6844F69FF4E09910EB4A7052735F2CA365F5A38116C1CF428DBDDEA27BE45924536EBC68310F462A1AACDDBD07EF70AE864EB41D0581D9CECAD48CF9DE089819734B186A67439A0C0E60B095FA4BE3927B7EE6E98DC6B9F94E40F9930A40EC3404608EA0595B0272391516C49C2FAA0FA5C1B8139F1F9DFDF762FE9C566C3D432D570C6A6E23A200F8E67EBCA094DE62314B3C78485B8631884EBF7BD8A31AB50B3
20170403003844 2 6 100 2047 2 E57F6D915319468B4D8D9F8F5FF295E1E09A564A4F4EC8A8A72DBD12E7658DBB0E4D41320CC5DB570F7179D979A27ED9FC44E8FD8E3767B642B22A575E7378C3E8B8914DB25DA16CCB7D2203C7E71BD7D2AAA8973B6E84F3D709B05DD417C6844F69FF4E09910EB4A7052735F2CA365F5A38116C1CF428DBDDEA27BE45924536EBC68310F462A1AACDDBD07EF70AE864EB41D0581D9CECAD48CF9DE089819734B186A67439A0C0E60B095FA4BE3927B7EE6E98DC6B9F94E40F9930A40EC3404608EA0595B0272391516C49C2FAA0FA5C1B8139F1F9DFDF762FE9C566C3D432D570C6A6E23A200F8E67EBCA094DE62314B3C78485B8631884EBF7BD8A320BA43B
20170403003845 2 6 100 2047 2 E57F6D915319468B4D8D9F8F5FF295E1E09A564A4F4EC8A8A72DBD12E7658DBB0E4D41320CC5DB570F7179D979A27ED9FC44E8FD8E3767B642B22A575E7378C3E8B8914DB25DA16CCB7D2203C7E71BD7D2AAA8973B6E84F3D709B05DD417C6844F69FF4E09910EB4A7052735F2CA365F5A38116C1CF428DBDDEA27BE45924536EBC68310F462A1AACDDBD07EF70AE864EB41D0581D9CECAD48CF9DE089819734B186A67439A0C0E60B095FA4BE3927B7EE6E98DC6B9F94E40F9930A40EC3404608EA0595B0272391516C49C2FAA0FA5C1B8139F1F9DFDF762FE9C566C3D432D570C6A6E23A200F8E67EBCA094DE62314B3C78485B8631884EBF7BD8A32149343
20170403003848 2 6 100 2047 2 E57F6D915319468B4D8D9F8F5FF295E1E09A564A4F4EC8A8A72DBD12E7658DBB0E4D41320CC5DB570F7179D979A27ED9FC44E8FD8E3767B642B22A575E7378C3E8B8914DB25DA16CCB7D2203C7E71BD7D2AAA8973B6E84F3D709B05DD417C6844F69FF4E09910EB4A7052735F2CA365F5A38116C1CF428DBDDEA27BE45924536EBC68310F462A1AACDDBD07EF70AE864EB41D0581D9CECAD48CF9DE089819734B186A67439A0C0E60B095FA4BE3927B7EE6E98DC6B9F94E40F9930A40EC3404608EA0595B0272391516C49C2FAA0FA5C1B8139F1F9DFDF762FE9C566C3D432D570C6A6E23A200F8E67EBCA094DE62314B3C78485B8631884EBF7BD8A324CAA63
20170403003849 2 6 100 2047 2 E57F6D915319468B4D8D9F8F5FF295E1E09A564A4F4EC8A8A72DBD12E7658DBB0E4D41320CC5DB570F7179D979A27ED9FC44E8FD8E3767B642B22A575E7378C3E8B8914DB25DA16CCB7D2203C7E71BD7D2AAA8973B6E84F3D709B05DD417C6844F69FF4E09910EB4A7052735F2CA365F5A38116C1CF428DBDDEA27BE45924536EBC68310F462A1AACDDBD07EF70AE864EB41D0581D9CECAD48CF9DE089819734B186A67439A0C0E60B095FA4BE3927B7EE6E98DC6B9F94E40F9930A40EC3404608EA0595B0272391516C49C2FAA0FA5C1B8139F1F9DFDF762FE9C566C3D432D570C6A6E23A200F8E67EBCA094DE62314B3C78485B8631884EBF7BD8A3254C97B
20170403003849 2 6 100 2047 2 E57F6D915319468B4D8D9F8F5FF295E1E09A564A4F4EC8A8A72DBD12E7658DBB0E4D41320CC5DB570F7179D979A27ED9FC44E8FD8E3767B642B22A575E7378C3E8B8914DB25DA16CCB7D2203C7E71BD7D2AAA8973B6E84F3D709B05DD417C6844F69FF4E09910EB4A7052735F2CA365F5A38116C1CF428DBDDEA27BE45924536EBC68310F462A1AACDDBD07EF70AE864EB41D0581D9CECAD48CF9DE089819734B186A67439A0C0E60B095FA4BE3927B7EE6E98DC6B9F94E40F9930A40EC3404608EA0595B0272391516C49C2FAA0FA5C1B8139F1F9DFDF762FE9C566C3D432D570C6A6E23A200F8E67EBCA094DE62314B3C78485B8631884EBF7BD8A325B4C5B
20170403003854 2 6 100 2047 5 E57F6D915319468B4D8D9F8F5FF295E1E09A564A4F4EC8A8A72DBD12E7658DBB0E4D41320CC5DB570F7179D979A27ED9FC44E8FD8E3767B642B22A575E7378C3E8B8914DB25DA16CCB7D2203C7E71BD7D2AAA8973B6E84F3D709B05DD417C6844F69FF4E09910EB4A7052735F2CA365F5A38116C1CF428DBDDEA27BE45924536EBC68310F462A1AACDDBD07EF70AE864EB41D0581D9CECAD48CF9DE089819734B186A67439A0C0E60B095FA4BE3927B7EE6E98DC6B9F94E40F9930A40EC3404608EA0595B0272391516C49C2FAA0FA5C1B8139F1F9DFDF762FE9C566C3D432D570C6A6E23A200F8E67EBCA094DE62314B3C78485B8631884EBF7BD8A32AED1AF
20170403003854 2 6 100 2047 2 E57F6D915319468B4D8D9F8F5FF295E1E09A564A4F4EC8A8A72DBD12E7658DBB0E4D41320CC5DB570F7179D979A27ED9FC44E8FD8E3767B642B22A575E7378C3E8B8914DB25DA16CCB7D2203C7E71BD7D2AAA8973B6E84F3D709B05DD417C6844F69FF4E09910EB4A7052735F2CA365F5A38116C1CF428DBDDEA27BE45924536EBC68310F462A1AACDDBD07EF70AE864EB41D0581D9CECAD48CF9DE089819734B186A67439A0C0E60B095FA4BE3927B7EE6E98DC6B9F94E40F9930A40EC3404608EA0595B0272391516C49C2FAA0FA5C1B8139F1F9DFDF762FE9C566C3D432D570C6A6E23A200F8E67EBCA094DE62314B3C78485B8631884EBF7BD8A32B12CA3
20170403003900 2 6 100 2047 2 E57F6D915319468B4D8D9F8F5FF295E1E09A564A4F4EC8A8A72DBD12E7658DBB0E4D41320CC5DB570F7179D979A27ED9FC44E8FD8E3767B642B22A575E7378C3E8B8914DB25DA16CCB7D2203C7E71BD7D2AAA8973B6E84F3D709B05DD417C6844F69FF4E09910EB4A7052735F2CA365F5A38116C1CF428DBDDEA27BE45924536EBC68310F462A1AACDDBD07EF70AE864EB41D0581D9CECAD48CF9DE089819734B186A67439A0C0E60B095FA4BE3927B7EE6E98DC6B9F94E40F9930A40EC3404608EA0595B0272391516C49C2FAA0FA5C1B8139F1F9DFDF762FE9C566C3D432D570C6A6E23A200F8E67EBCA094DE62314B3C78485B8631884EBF7BD8A331605FB
20170403003901 2 6 100 2047 2 E57F6D915319468B4D8D9F8F5FF295E1E09A564A4F4EC8A8A72DBD12E7658DBB0E4D41320CC5DB570F7179D979A27ED9FC44E8FD8E3767B642B22A575E7378C3E8B8914DB25DA16CCB7D2203C7E71BD7D2AAA8973B6E84F3D709B05DD417C6844F69FF4E09910EB4A7052735F2CA365F5A38116C1CF428DBDDEA27BE45924536EBC68310F462A1AACDDBD07EF70AE864EB41D0581D9CECAD48CF9DE089819734B186A67439A0C0E60B095FA4BE3927B7EE6E98DC6B9F94E40F9930A40EC3404608EA0595B0272391516C49C2FAA0FA5C1B8139F1F9DFDF762FE9C566C3D432D570C6A6E23A200F8E67EBCA094DE62314B3C78485B8631884EBF7BD8A331D142B
20170403003903 2 6 100 2047 2 E57F6D915319468B4D8D9F8F5FF295E1E09A564A4F4EC8A8A72DBD12E7658DBB0E4D41320CC5DB570F7179D979A27ED9FC44E8FD8E3767B642B22A575E7378C3E8B8914DB25DA16CCB7D2203C7E71BD7D2AAA8973B6E84F3D709B05DD417C6844F69FF4E09910EB4A7052735F2CA365F5A38116C1CF428DBDDEA27BE45924536EBC68310F462A1AACDDBD07EF70AE864EB41D0581D9CECAD48CF9DE089819734B186A67439A0C0E60B095FA4BE3927B7EE6E98DC6B9F94E40F9930A40EC3404608EA0595B0272391516C49C2FAA0FA5C1B8139F1F9DFDF762FE9C566C3D432D570C6A6E23A200F8E67EBCA094DE62314B3C78485B8631884EBF7BD8A334BC683
20170403003904 2 6 100 2047 5 E57F6D915319468B4D8D9F8F5FF295E1E09A564A4F4EC8A8A72DBD12E7658DBB0E4D41320CC5DB570F7179D979A27ED9FC44E8FD8E3767B642B22A575E7378C3E8B8914DB25DA16CCB7D2203C7E71BD7D2AAA8973B6E84F3D709B05DD417C6844F69FF4E09910EB4A7052735F2CA365F5A38116C1CF428DBDDEA27BE45924536EBC68310F462A1AACDDBD07EF70AE864EB41D0581D9CECAD48CF9DE089819734B186A67439A0C0E60B095FA4BE3927B7EE6E98DC6B9F94E40F9930A40EC3404608EA0595B0272391516C49C2FAA0FA5C1B8139F1F9DFDF762FE9C566C3D432D570C6A6E23A200F8E67EBCA094DE62314B3C78485B8631884EBF7BD8A334BD847
20170403003908 2 6 100 2047 2 E57F6D915319468B4D8D9F8F5FF295E1E09A564A4F4EC8A8A72DBD12E7658DBB0E4D41320CC5DB570F7179D979A27ED9FC44E8FD8E3767B642B22A575E7378C3E8B8914DB25DA16CCB7D2203C7E71BD7D2AAA8973B6E84F3D709B05DD417C6844F69FF4E09910EB4A7052735F2CA365F5A38116C1CF428DBDDEA27BE45924536EBC68310F462A1AACDDBD07EF70AE864EB41D0581D9CECAD48CF9DE089819734B186A67439A0C0E60B095FA4BE3927B7EE6E98DC6B9F94E40F9930A40EC3404608EA0595B0272391516C49C2FAA0FA5C1B8139F1F9DFDF762FE9C566C3D432D570C6A6E23A200F8E67EBCA094DE62314B3C78485B8631884EBF7BD8A339DC0A3
20170403003910 2 6 100 2047 2 E57F6D915319468B4D8D9F8F5FF295E1E09A564A4F4EC8A8A72DBD12E7658DBB0E4D41320CC5DB570F7179D979A27ED9FC44E8FD8E3767B642B22A575E7378C3E8B8914DB25DA16CCB7D2203C7E71BD7D2AAA8973B6E84F3D709B05DD417C6844F69FF4E09910EB4A7052735F2CA365F5A38116C1CF428DBDDEA27BE45924536EBC68310F462A1AACDDBD07EF70AE864EB41D0581D9CECAD48CF9DE089819734B186A67439A0C0E60B095FA4BE3927B7EE6E98DC6B9F94E40F9930A40EC3404608EA0595B0272391516C49C2FAA0FA5C1B8139F1F9DFDF762FE9C566C3D432D570C6A6E23A200F8E67EBCA094DE62314B3C78485B8631884EBF7BD8A33BAFC83
20170403003911 2 6 100 2047 2 E57F6D915319468B4D8D9F8F5FF295E1E09A564A4F4EC8A8A72DBD12E7658DBB0E4D41320CC5DB570F7179D979A27ED9FC44E8FD8E3767B642B22A575E7378C3E8B8914DB25DA16CCB7D2203C7E71BD7D2AAA8973B6E84F3D709B05DD417C6844F69FF4E09910EB4A7052735F2CA365F5A38116C1CF428DBDDEA27BE45924536EBC68310F462A1AACDDBD07EF70AE864EB41D0581D9CECAD48CF9DE089819734B186A67439A0C0E60B095FA4BE3927B7EE6E98DC6B9F94E40F9930A40EC3404608EA0595B0272391516C49C2FAA0FA5C1B8139F1F9DFDF762FE9C566C3D432D570C6A6E23A200F8E67EBCA094DE62314B3C78485B8631884EBF7BD8A33C59183
20170403003914 2 6 100 2047 2 E57F6D915319468B4D8D9F8F5FF295E1E09A564A4F4EC8A8A72DBD12E7658DBB0E4D41320CC5DB570F7179D979A27ED9FC44E8FD8E3767B642B22A575E7378C3E8B8914DB25DA16CCB7D2203C7E71BD7D2AAA8973B6E84F3D709B05DD417C6844F69FF4E09910EB4A7052735F2CA365F5A38116C1CF428DBDDEA27BE45924536EBC68310F462A1AACDDBD07EF70AE864EB41D0581D9CECAD48CF9DE089819734B186A67439A0C0E60B095FA4BE3927B7EE6E98DC6B9F94E40F9930A40EC3404608EA0595B0272391516C49C2FAA0FA5C1B8139F1F9DFDF762FE9C566C3D432D570C6A6E23A200F8E67EBCA094DE62314B3C78485B8631884EBF7BD8A33FDE4BB
20170403003918 2 6 100 2047 5 E57F6D915319468B4D8D9F8F5FF295E1E09A564A4F4EC8A8A72DBD12E7658DBB0E4D41320CC5DB570F7179D979A27ED9FC44E8FD8E3767B642B22A575E7378C3E8B8914DB25DA16CCB7D2203C7E71BD7D2AAA8973B6E84F3D709B05DD417C6844F69FF4E09910EB4A7052735F2CA365F5A38116C1CF428DBDDEA27BE45924536EBC68310F462A1AACDDBD07EF70AE864EB41D0581D9CECAD48CF9DE089819734B186A67439A0C0E60B095FA4BE3927B7EE6E98DC6B9F94E40F9930A40EC3404608EA0595B0272391516C49C2FAA0FA5C1B8139F1F9DFDF762FE9C566C3D432D570C6A6E23A200F8E67EBCA094DE62314B3C78485B8631884EBF7BD8A344F6B1F
20170403003919 2 6 100 2047 5 E57F6D915319468B4D8D9F8F5FF295E1E09A564A4F4EC8A8A72DBD12E7658DBB0E4D41320CC5DB570F7179D979A27ED9FC44E8FD8E3767B642B22A575E7378C3E8B8914DB25DA16CCB7D2203C7E71BD7D2AAA8973B6E84F3D709B05DD417C6844F69FF4E09910EB4A7052735F2CA365F5A38116C1CF428DBDDEA27BE45924536EBC68310F462A1AACDDBD07EF70AE864EB41D0581D9CECAD48CF9DE089819734B186A67439A0C0E60B095FA4BE3927B7EE6E98DC6B9F94E40F9930A40EC3404608EA0595B0272391516C49C2FAA0FA5C1B8139F1F9DFDF762FE9C566C3D432D570C6A6E23A200F8E67EBCA094DE62314B3C78485B8631884EBF7BD8A3453F6A7
20170403003920 2 6 100 2047 2 E57F6D915319468B4D8D9F8F5FF295E1E09A564A4F4EC8A8A72DBD12E7658DBB0E4D41320CC5DB570F7179D979A27ED9FC44E8FD8E3767B642B22A575E7378C3E8B8914DB25DA16CCB7D2203C7E71BD7D2AAA8973B6E84F3D709B05DD417C6844F69FF4E09910EB4A7052735F2CA365F5A38116C1CF428DBDDEA27BE45924536EBC68310F462A1AACDDBD07EF70AE864EB41D0581D9CECAD48CF9DE089819734B186A67439A0C0E60B095FA4BE3927B7EE6E98DC6B9F94E40F9930A40EC3404608EA0595B0272391516C49C2FAA0FA5C1B8139F1F9DFDF762FE9C566C3D432D570C6A6E23A200F8E67EBCA094DE62314B3C78485B8631884EBF7BD8A345A1FC3
20170403003922 2 6 100 2047 2 E57F6D915319468B4D8D9F8F5FF295E1E09A564A4F4EC8A8A72DBD12E7658DBB0E4D41320CC5DB570F7179D979A27ED9FC44E8FD8E3767B642B22A575E7378C3E8B8914DB25DA16CCB7D2203C7E71BD7D2AAA8973B6E84F3D709B05DD417C6844F69FF4E09910EB4A7052735F2CA365F5A38116C1CF428DBDDEA27BE45924536EBC68310F462A1AACDDBD07EF70AE864EB41D0581D9CECAD48CF9DE089819734B186A67439A0C0E60B095FA4BE3927B7EE6E98DC6B9F94E40F9930A40EC3404608EA0595B0272391516C49C2FAA0FA5C1B8139F1F9DFDF762FE9C566C3D432D570C6A6E23A200F8E67EBCA094DE62314B3C78485B8631884EBF7BD8A3477A62B
20170403003924 2 6 100 2047 2 E57F6D915319468B4D8D9F8F5FF295E1E09A564A4F4EC8A8A72DBD12E7658DBB0E4D41320CC5DB570F7179D979A27ED9FC44E8FD8E3767B642B22A575E7378C3E8B8914DB25DA16CCB7D2203C7E71BD7D2AAA8973B6E84F3D709B05DD417C6844F69FF4E09910EB4A7052735F2CA365F5A38116C1CF428DBDDEA27BE45924536EBC68310F462A1AACDDBD07EF70AE864EB41D0581D9CECAD48CF9DE089819734B186A67439A0C0E60B095FA4BE3927B7EE6E98DC6B9F94E40F9930A40EC3404608EA0595B0272391516C49C2FAA0FA5C1B8139F1F9DFDF762FE9C566C3D432D570C6A6E23A200F8E67EBCA094DE62314B3C78485B8631884EBF7BD8A34A066C3
20170403003926 2 6 100 2047 2 E57F6D915319468B4D8D9F8F5FF295E1E09A564A4F4EC8A8A72DBD12E7658DBB0E4D41320CC5DB570F7179D979A27ED9FC44E8FD8E3767B642B22A575E7378C3E8B8914DB25DA16CCB7D2203C7E71BD7D2AAA8973B6E84F3D709B05DD417C6844F69FF4E09910EB4A7052735F2CA365F5A38116C1CF428DBDDEA27BE45924536EBC68310F462A1AACDDBD07EF70AE864EB41D0581D9CECAD48CF9DE089819734B186A67439A0C0E60B095FA4BE3927B7EE6E98DC6B9F94E40F9930A40EC3404608EA0595B0272391516C49C2FAA0FA5C1B8139F1F9DFDF762FE9C566C3D432D570C6A6E23A200F8E67EBCA094DE62314B3C78485B8631884EBF7BD8A34BDF5CB
20170403003928 2 6 100 2047 5 E57F6D915319468B4D8D9F8F5FF295E1E09A564A4F4EC8A8A72DBD12E7658DBB0E4D41320CC5DB570F7179D979A27ED9FC44E8FD8E3767B642B22A575E7378C3E8B8914DB25DA16CCB7D2203C7E71BD7D2AAA8973B6E84F3D709B05DD417C6844F69FF4E09910EB4A7052735F2CA365F5A38116C1CF428DBDDEA27BE45924536EBC68310F462A1AACDDBD07EF70AE864EB41D0581D9CECAD48CF9DE089819734B186A67439A0C0E60B095FA4BE3927B7EE6E98DC6B9F94E40F9930A40EC3404608EA0595B0272391516C49C2FAA0FA5C1B8139F1F9DFDF762FE9C566C3D432D570C6A6E23A200F8E67EBCA094DE62314B3C78485B8631884EBF7BD8A34DA8687
20170403003929 2 6 100 2047 2 E57F6D915319468B4D8D9F8F5FF295E1E09A564A4F4EC8A8A72DBD12E7658DBB0E4D41320CC5DB570F7179D979A27ED9FC44E8FD8E3767B642B22A575E7378C3E8B8914DB25DA16CCB7D2203C7E71BD7D2AAA8973B6E84F3D709B05DD417C6844F69FF4E09910EB4A7052735F2CA365F5A38116C1CF428DBDDEA27BE45924536EBC68310F462A1AACDDBD07EF70AE864EB41D0581D9CECAD48CF9DE089819734B186A67439A0C0E60B095FA4BE3927B7EE6E98DC6B9F94E40F9930A40EC3404608EA0595B0272391516C49C2FAA0FA5C1B8139F1F9DFDF762FE9C566C3D432D570C6A6E23A200F8E67EBCA094DE62314B3C78485B8631884EBF7BD8A34E40EB3
20170403003930 2 6 100 2047 5 E57F6D915319468B4D8D9F8F5FF295E1E09A564A4F4EC8A8A72DBD12E7658DBB0E4D41320CC5DB570F7179D979A27ED9FC44E8FD8E3767B642B22A575E7378C3E8B8914DB25DA16CCB7D2203C7E71BD7D2AAA8973B6E84F3D709B05DD417C6844F69FF4E09910EB4A7052735F2CA365F5A38116C1CF428DBDDEA27BE45924536EBC68310F462A1AACDDBD07EF70AE864EB41D0581D9CECAD48CF9DE089819734B186A67439A0C0E60B095FA4BE3927B7EE6E98DC6B9F94E40F9930A40EC3404608EA0595B0272391516C49C2FAA0FA5C1B8139F1F9DFDF762FE9C566C3D432D570C6A6E23A200F8E67EBCA094DE62314B3C78485B8631884EBF7BD8A34F9F067
20170403003933 2 6 100 2047 2 E57F6D915319468B4D8D9F8F5FF295E1E09A564A4F4EC8A8A72DBD12E7658DBB0E4D41320CC5DB570F7179D979A27ED9FC44E8FD8E3767B642B22A575E7378C3E8B8914DB25DA16CCB7D2203C7E71BD7D2AAA8973B6E84F3D709B05DD417C6844F69FF4E09910EB4A7052735F2CA365F5A38116C1CF428DBDDEA27BE45924536EBC68310F462A1AACDDBD07EF70AE864EB41D0581D9CECAD48CF9DE089819734B186A67439A0C0E60B095FA4BE3927B7EE6E98DC6B9F94E40F9930A40EC3404608EA0595B0272391516C49C2FAA0FA5C1B8139F1F9DFDF762FE9C566C3D432D570C6A6E23A200F8E67EBCA094DE62314B3C78485B8631884EBF7BD8A3530E343
20170403003934 2 6 100 2047 2 E57F6D915319468B4D8D9F8F5FF295E1E09A564A4F4EC8A8A72DBD12E7658DBB0E4D41320CC5DB570F7179D979A27ED9FC44E8FD8E3767B642B22A575E7378C3E8B8914DB25DA16CCB7D2203C7E71BD7D2AAA8973B6E84F3D709B05DD417C6844F69FF4E09910EB4A7052735F2CA365F5A38116C1CF428DBDDEA27BE45924536EBC68310F462A1AACDDBD07EF70AE864EB41D0581D9CECAD48CF9DE089819734B186A67439A0C0E60B095FA4BE3927B7EE6E98DC6B9F94E40F9930A40EC3404608EA0595B0272391516C49C2FAA0FA5C1B8139F1F9DFDF762FE9C566C3D432D570C6A6E23A200F8E67EBCA094DE62314B3C78485B8631884EBF7BD8A35346EC3
20170403003937 2 6 100 2047 2 E57F6D915319468B4D8D9F8F5FF295E1E09A564A4F4EC8A8A72DBD12E7658DBB0E4D41320CC5DB570F7179D979A27ED9FC44E8FD8E3767B642B22A575E7378C3E8B8914DB25DA16CCB7D2203C7E71BD7D2AAA8973B6E84F3D709B05DD417C6844F69FF4E09910EB4A7052735F2CA365F5A38116C1CF428DBDDEA27BE45924536EBC68310F462A1AACDDBD07EF70AE864EB41D0581D9CECAD48CF9DE089819734B186A67439A0C0E60B095FA4BE3927B7EE6E98DC6B9F94E40F9930A40EC3404608EA0595B0272391516C49C2FAA0FA5C1B8139F1F9DFDF762FE9C566C3D432D570C6A6E23A200F8E67EBCA094DE62314B3C78485B8631884EBF7BD8A356E1153
20170403003939 2 6 100 2047 2 E57F6D915319468B4D8D9F8F5FF295E1E09A564A4F4EC8A8A72DBD12E7658DBB0E4D41320CC5DB570F7179D979A27ED9FC44E8FD8E3767B642B22A575E7378C3E8B8914DB25DA16CCB7D2203C7E71BD7D2AAA8973B6E84F3D709B05DD417C6844F69FF4E09910EB4A7052735F2CA365F5A38116C1CF428DBDDEA27BE45924536EBC68310F462A1AACDDBD07EF70AE864EB41D0581D9CECAD48CF9DE089819734B186A67439A0C0E60B095FA4BE3927B7EE6E98DC6B9F94E40F9930A40EC3404608EA0595B0272391516C49C2FAA0FA5C1B8139F1F9DFDF762FE9C566C3D432D570C6A6E23A200F8E67EBCA094DE62314B3C78485B8631884EBF7BD8A358A2BB3
20170403003939 2 6 100 2047 5 E57F6D915319468B4D8D9F8F5FF295E1E09A564A4F4EC8A8A72DBD12E7658DBB0E4D41320CC5DB570F7179D979A27ED9FC44E8FD8E3767B642B22A575E7378C3E8B8914DB25DA16CCB7D2203C7E71BD7D2AAA8973B6E84F3D709B05DD417C6844F69FF4E09910EB4A7052735F2CA365F5A38116C1CF428DBDDEA27BE45924536EBC68310F462A1AACDDBD07EF70AE864EB41D0581D9CECAD48CF9DE089819734B186A67439A0C0E60B095FA4BE3927B7EE6E98DC6B9F94E40F9930A40EC3404608EA0595B0272391516C49C2FAA0FA5C1B8139F1F9DFDF762FE9C566C3D432D570C6A6E23A200F8E67EBCA094DE62314B3C78485B8631884EBF7BD8A358AD14F
20170403003940 2 6 100 2047 2 E57F6D915319468B4D8D9F8F5FF295E1E09A564A4F4EC8A8A72DBD12E7658DBB0E4D41320CC5DB570F7179D979A27ED9FC44E8FD8E3767B642B22A575E7378C3E8B8914DB25DA16CCB7D2203C7E71BD7D2AAA8973B6E84F3D709B05DD417C6844F69FF4E09910EB4A7052735F2CA365F5A38116C1CF428DBDDEA27BE45924536EBC68310F462A1AACDDBD07EF70AE864EB41D0581D9CECAD48CF9DE089819734B186A67439A0C0E60B095FA4BE3927B7EE6E98DC6B9F94E40F9930A40EC3404608EA0595B0272391516C49C2FAA0FA5C1B8139F1F9DFDF762FE9C566C3D432D570C6A6E23A200F8E67EBCA094DE62314B3C78485B8631884EBF7BD8A359531DB
20170403003941 2 6 100 2047 2 E57F6D915319468B4D8D9F8F5FF295E1E09A564A4F4EC8A8A72DBD12E7658DBB0E4D41320CC5DB570F7179D979A27ED9FC44E8FD8E3767B642B22A575E7378C3E8B8914DB25DA16CCB7D2203C7E71BD7D2AAA8973B6E84F3D709B05DD417C6844F69FF4E09910EB4A7052735F2CA365F5A38116C1CF428DBDDEA27BE45924536EBC68310F462A1AACDDBD07EF70AE864EB41D0581D9CECAD48CF9DE089819734B186A67439A0C0E60B095FA4BE3927B7EE6E98DC6B9F94E40F9930A40EC3404608EA0595B0272391516C49C2FAA0FA5C1B8139F1F9DFDF762FE9C566C3D432D570C6A6E23A200F8E67EBCA094DE62314B3C78485B8631884EBF7BD8A35A5682B
20170403003944 2 6 100 2047 5 E57F6D915319468B4D8D9F8F5FF295E1E09A564A4F4EC8A8A72DBD12E7658DBB0E4D41320CC5DB570F7179D979A27ED9FC44E8FD8E3767B642B22A575E7378C3E8B8914DB25DA16CCB7D2203C7E71BD7D2AAA8973B6E84F3D709B05DD417C6844F69FF4E09910EB4A7052735F2CA365F5A38116C1CF428DBDDEA27BE45924536EBC68310F462A1AACDDBD07EF70AE864EB41D0581D9CECAD48CF9DE089819734B186A67439A0C0E60B095FA4BE3927B7EE6E98DC6B9F94E40F9930A40EC3404608EA0595B0272391516C49C2FAA0FA5C1B8139F1F9DFDF762FE9C566C3D432D570C6A6E23A200F8E67EBCA094DE62314B3C78485B8631884EBF7BD8A35D0A61F
20170403003945 2 6 100 2047 2 E57F6D915319468B4D8D9F8F5FF295E1E09A564A4F4EC8A8A72DBD12E7658DBB0E4D41320CC5DB570F7179D979A27ED9FC44E8FD8E3767B642B22A575E7378C3E8B8914DB25DA16CCB7D2203C7E71BD7D2AAA8973B6E84F3D709B05DD417C6844F69FF4E09910EB4A7052735F2CA365F5A38116C1CF428DBDDEA27BE45924536EBC68310F462A1AACDDBD07EF70AE864EB41D0581D9CECAD48CF9DE089819734B186A67439A0C0E60B095FA4BE3927B7EE6E98DC6B9F94E40F9930A40EC3404608EA0595B0272391516C49C2FAA0FA5C1B8139F1F9DFDF762FE9C566C3D432D570C6A6E23A200F8E67EBCA094DE62314B3C78485B8631884EBF7BD8A35D9C0CB
20170403003946 2 6 100 2047 2 E57F6D915319468B4D8D9F8F5FF295E1E09A564A4F4EC8A8A72DBD12E7658DBB0E4D41320CC5DB570F7179D979A27ED9FC44E8FD8E3767B642B22A575E7378C3E8B8914DB25DA16CCB7D2203C7E71BD7D2AAA8973B6E84F3D709B05DD417C6844F69FF4E09910EB4A7052735F2CA365F5A38116C1CF428DBDDEA27BE45924536EBC68310F462A1AACDDBD07EF70AE864EB41D0581D9CECAD48CF9DE089819734B186A67439A0C0E60B095FA4BE3927B7EE6E98DC6B9F94E40F9930A40EC3404608EA0595B0272391516C49C2FAA0FA5C1B8139F1F9DFDF762FE9C566C3D432D570C6A6E23A200F8E67EBCA094DE62314B3C78485B8631884EBF7BD8A35F4C743
20170403003950 2 6 100 2047 5 E57F6D915319468B4D8D9F8F5FF295E1E09A564A4F4EC8A8A72DBD12E7658DBB0E4D41320CC5DB570F7179D979A27ED9FC44E8FD8E3767B642B22A575E7378C3E8B8914DB25DA16CCB7D2203C7E71BD7D2AAA8973B6E84F3D709B05DD417C6844F69FF4E09910EB4A7052735F2CA365F5A38116C1CF428DBDDEA27BE45924536EBC68310F462A1AACDDBD07EF70AE864EB41D0581D9CECAD48CF9DE089819734B186A67439A0C0E60B095FA4BE3927B7EE6E98DC6B9F94E40F9930A40EC3404608EA0595B0272391516C49C2FAA0FA5C1B8139F1F9DFDF762FE9C566C3D432D570C6A6E23A200F8E67EBCA094DE62314B3C78485B8631884EBF7BD8A3637757F
20170403003954 2 6 100 2047 2 E57F6D915319468B4D8D9F8F5FF295E1E09A564A4F4EC8A8A72DBD12E7658DBB0E4D41320CC5DB570F7179D979A27ED9FC44E8FD8E3767B642B22A575E7378C3E8B8914DB25DA16CCB7D2203C7E71BD7D2AAA8973B6E84F3D709B05DD417C6844F69FF4E09910EB4A7052735F2CA365F5A38116C1CF428DBDDEA27BE45924536EBC68310F462A1AACDDBD07EF70AE864EB41D0581D9CECAD48CF9DE089819734B186A67439A0C0E60B095FA4BE3927B7EE6E98DC6B9F94E40F9930A40EC3404608EA0595B0272391516C49C2FAA0FA5C1B8139F1F9DFDF762FE9C566C3D432D570C6A6E23A200F8E67EBCA094DE62314B3C78485B8631884EBF7BD8A36822CE3
