20220401041341 2 6 100 2047 2 DBC176B3A0D053548D362643A4AAB4901931A9BD7A7FD81747ADB3C9E1F1D937B01EFFDA03497BE1022D6424B64430172E31D7728FB0BEECA27229BB22DB89F4A6ADBFE155C986F7531DAA68DB6135193CDE669AEF6487AE8ABD7C6703981C066E166F19486132629B96A9F7891A6D4F32E32889B97738D82F4AE4A6B23E01779D475708405613DFC7084043F37AF36B90951286ADA0959F6CEC8472994C79D93336CA1B984D584349123B6D74F0192FB469CE29B2BE39006660919F675EEB8C7DAEEE4216B0D1F5FB5A19F8AA1CDD9ED87178706FB96568C7B0B3626CC06A67E7B09DD0F4ADD7F575CEECE04AE6410B08DFAB2E1A5B622BE4AA64B45DEDE213
20220401041352 2 6 100 2047 2 DBC176B3A0D053548D362643A4AAB4901931A9BD7A7FD81747ADB3C9E1F1D937B01EFFDA03497BE1022D6424B64430172E31D7728FB0BEECA27229BB22DB89F4A6ADBFE155C986F7531DAA68DB6135193CDE669AEF6487AE8ABD7C6703981C066E166F19486132629B96A9F7891A6D4F32E32889B97738D82F4AE4A6B23E01779D475708405613DFC7084043F37AF36B90951286ADA0959F6CEC8472994C79D93336CA1B984D584349123B6D74F0192FB469CE29B2BE39006660919F675EEB8C7DAEEE4216B0D1F5FB5A19F8AA1CDD9ED87178706FB96568C7B0B3626CC06A67E7B09DD0F4ADD7F575CEECE04AE6410B08DFAB2E1A5B622BE4AA64B45E35DD93
20220401041353 2 6 100 2047 5 DBC176B3A0D053548D362643A4AAB4901931A9BD7A7FD81747ADB3C9E1F1D937B01EFFDA03497BE1022D6424B64430172E31D7728FB0BEECA27229BB22DB89F4A6ADBFE155C986F7531DAA68DB6135193CDE669AEF6487AE8ABD7C6703981C066E166F19486132629B96A9F7891A6D4F32E32889B97738D82F4AE4A6B23E01779D475708405613DFC7084043F37AF36B90951286ADA0959F6CEC8472994C79D93336CA1B984D584349123B6D74F0192FB469CE29B2BE39006660919F675EEB8C7DAEEE4216B0D1F5FB5A19F8AA1CDD9ED87178706FB96568C7B0B3626CC06A67E7B09DD0F4ADD7F575CEECE04AE6410B08DFAB2E1A5B622BE4AA64B45E3710D7
20220401041356 2 6 100 2047 2 DBC176B3A0D053548D362643A4AAB4901931A9BD7A7FD81747ADB3C9E1F1D937B01EFFDA03497BE1022D6424B64430172E31D7728FB0BEECA27229BB22DB89F4A6ADBFE155C986F7531DAA68DB6135193CDE669AEF6487AE8ABD7C6703981C066E166F19486132629B96A9F7891A6D4F32E32889B97738D82F4AE4A6B23E01779D475708405613DFC7084043F37AF36B90951286ADA0959F6CEC8472994C79D93336CA1B984D584349123B6D74F0192FB469CE29B2BE39006660919F675EEB8C7DAEEE4216B0D1F5FB5A19F8AA1CDD9ED87178706FB96568C7B0B3626CC06A67E7B09DD0F4ADD7F575CEECE04AE6410B08DFAB2E1A5B622BE4AA64B45E4607B3
20220401041400 2 6 100 2047 2 DBC176B3A0D053548D362643A4AAB4901931A9BD7A7FD81747ADB3C9E1F1D937B01EFFDA03497BE1022D6424B64430172E31D7728FB0BEECA27229BB22DB89F4A6ADBFE155C986F7531DAA68DB6135193CDE669AEF6487AE8ABD7C6703981C066E166F19486132629B96A9F7891A6D4F32E32889B97738D82F4AE4A6B23E01779D475708405613DFC7084043F37AF36B90951286ADA0959F6CEC8472994C79D93336CA1B984D584349123B6D74F0192FB469CE29B2BE39006660919F675EEB8C7DAEEE4216B0D1F5FB5A19F8AA1CDD9ED87178706FB96568C7B0B3626CC06A67E7B09DD0F4ADD7F575CEECE04AE6410B08DFAB2E1A5B622BE4AA64B45E571CC3
20220401041402 2 6 100 2047 5 DBC176B3A0D053548D362643A4AAB4901931A9BD7A7FD81747ADB3C9E1F1D937B01EFFDA03497BE1022D6424B64430172E31D7728FB0BEECA27229BB22DB89F4A6ADBFE155C986F7531DAA68DB6135193CDE669AEF6487AE8ABD7C6703981C066E166F19486132629B96A9F7891A6D4F32E32889B97738D82F4AE4A6B23E01779D475708405613DFC7084043F37AF36B90951286ADA0959F6CEC8472994C79D93336CA1B984D584349123B6D74F0192FB469CE29B2BE39006660919F675EEB8C7DAEEE4216B0D1F5FB5A19F8AA1CDD9ED87178706FB96568C7B0B3626CC06A67E7B09DD0F4ADD7F575CEECE04AE6410B08DFAB2E1A5B622BE4AA64B45E639697
20220401041415 2 6 100 2047 5 DBC176B3A0D053548D362643A4AAB4901931A9BD7A7FD81747ADB3C9E1F1D937B01EFFDA03497BE1022D6424B64430172E31D7728FB0BEECA27229BB22DB89F4A6ADBFE155C986F7531DAA68DB6135193CDE669AEF6487AE8ABD7C6703981C066E166F19486132629B96A9F7891A6D4F32E32889B97738D82F4AE4A6B23E01779D475708405613DFC7084043F37AF36B90951286ADA0959F6CEC8472994C79D93336CA1B984D584349123B6D74F0192FB469CE29B2BE39006660919F675EEB8C7DAEEE4216B0D1F5FB5A19F8AA1CDD9ED87178706FB96568C7B0B3626CC06A67E7B09DD0F4ADD7F575CEECE04AE6410B08DFAB2E1A5B622BE4AA64B45EB3B6FF
20220401041421 2 6 100 2047 5 DBC176B3A0D053548D362643A4AAB4901931A9BD7A7FD81747ADB3C9E1F1D937B01EFFDA03497BE1022D6424B64430172E31D7728FB0BEECA27229BB22DB89F4A6ADBFE155C986F7531DAA68DB6135193CDE669AEF6487AE8ABD7C6703981C066E166F19486132629B96A9F7891A6D4F32E32889B97738D82F4AE4A6B23E01779D475708405613DFC7084043F37AF36B90951286ADA0959F6CEC8472994C79D93336CA1B984D584349123B6D74F0192FB469CE29B2BE39006660919F675EEB8C7DAEEE4216B0D1F5FB5A19F8AA1CDD9ED87178706FB96568C7B0B3626CC06A67E7B09DD0F4ADD7F575CEECE04AE6410B08DFAB2E1A5B622BE4AA64B45EDDCA7F
20220401041428 2 6 100 2047 5 DBC176B3A0D053548D362643A4AAB4901931A9BD7A7FD81747ADB3C9E1F1D937B01EFFDA03497BE1022D6424B64430172E31D7728FB0BEECA27229BB22DB89F4A6ADBFE155C986F7531DAA68DB6135193CDE669AEF6487AE8ABD7C6703981C066E166F19486132629B96A9F7891A6D4F32E32889B97738D82F4AE4A6B23E01779D475708405613DFC7084043F37AF36B90951286ADA0959F6CEC8472994C79D93336CA1B984D584349123B6D74F0192FB469CE29B2BE39006660919F675EEB8C7DAEEE4216B0D1F5FB5A19F8AA1CDD9ED87178706FB96568C7B0B3626CC06A67E7B09DD0F4ADD7F575CEECE04AE6410B08DFAB2E1A5B622BE4AA64B45F060657
20220401041430 2 6 100 2047 5 DBC176B3A0D053548D362643A4AAB4901931A9BD7A7FD81747ADB3C9E1F1D937B01EFFDA03497BE1022D6424B64430172E31D7728FB0BEECA27229BB22DB89F4A6ADBFE155C986F7531DAA68DB6135193CDE669AEF6487AE8ABD7C6703981C066E166F19486132629B96A9F7891A6D4F32E32889B97738D82F4AE4A6B23E01779D475708405613DFC7084043F37AF36B90951286ADA0959F6CEC8472994C79D93336CA1B984D584349123B6D74F0192FB469CE29B2BE39006660919F675EEB8C7DAEEE4216B0D1F5FB5A19F8AA1CDD9ED87178706FB96568C7B0B3626CC06A67E7B09DD0F4ADD7F575CEECE04AE6410B08DFAB2E1A5B622BE4AA64B45F0D3AC7
20220401041439 2 6 100 2047 2 DBC176B3A0D053548D362643A4AAB4901931A9BD7A7FD81747ADB3C9E1F1D937B01EFFDA03497BE1022D6424B64430172E31D7728FB0BEECA27229BB22DB89F4A6ADBFE155C986F7531DAA68DB6135193CDE669AEF6487AE8ABD7C6703981C066E166F19486132629B96A9F7891A6D4F32E32889B97738D82F4AE4A6B23E01779D475708405613DFC7084043F37AF36B90951286ADA0959F6CEC8472994C79D93336CA1B984D584349123B6D74F0192FB469CE29B2BE39006660919F675EEB8C7DAEEE4216B0D1F5FB5A19F8AA1CDD9ED87178706FB96568C7B0B3626CC06A67E7B09DD0F4ADD7F575CEECE04AE6410B08DFAB2E1A5B622BE4AA64B45F488A4B
20220401041444 2 6 100 2047 5 DBC176B3A0D053548D362643A4AAB4901931A9BD7A7FD81747ADB3C9E1F1D937B01EFFDA03497BE1022D6424B64430172E31D7728FB0BEECA27229BB22DB89F4A6ADBFE155C986F7531DAA68DB6135193CDE669AEF6487AE8ABD7C6703981C066E166F19486132629B96A9F7891A6D4F32E32889B97738D82F4AE4A6B23E01779D475708405613DFC7084043F37AF36B90951286ADA0959F6CEC8472994C79D93336CA1B984D584349123B6D74F0192FB469CE29B2BE39006660919F675EEB8C7DAEEE4216B0D1F5FB5A19F8AA1CDD9ED87178706FB96568C7B0B3626CC06A67E7B09DD0F4ADD7F575CEECE04AE6410B08DFAB2E1A5B622BE4AA64B45F664887
20220401041501 2 6 100 2047 5 DBC176B3A0D053548D362643A4AAB4901931A9BD7A7FD81747ADB3C9E1F1D937B01EFFDA03497BE1022D6424B64430172E31D7728FB0BEECA27229BB22DB89F4A6ADBFE155C986F7531DAA68DB6135193CDE669AEF6487AE8ABD7C6703981C066E166F19486132629B96A9F7891A6D4F32E32889B97738D82F4AE4A6B23E01779D475708405613DFC7084043F37AF36B90951286ADA0959F6CEC8472994C79D93336CA1B984D584349123B6D74F0192FB469CE29B2BE39006660919F675EEB8C7DAEEE4216B0D1F5FB5A19F8AA1CDD9ED87178706FB96568C7B0B3626CC06A67E7B09DD0F4ADD7F575CEECE04AE6410B08DFAB2E1A5B622BE4AA64B45FDD43E7
20220401041529 2 6 100 2047 2 DBC176B3A0D053548D362643A4AAB4901931A9BD7A7FD81747ADB3C9E1F1D937B01EFFDA03497BE1022D6424B64430172E31D7728FB0BEECA27229BB22DB89F4A6ADBFE155C986F7531DAA68DB6135193CDE669AEF6487AE8ABD7C6703981C066E166F19486132629B96A9F7891A6D4F32E32889B97738D82F4AE4A6B23E01779D475708405613DFC7084043F37AF36B90951286ADA0959F6CEC8472994C79D93336CA1B984D584349123B6D74F0192FB469CE29B2BE39006660919F675EEB8C7DAEEE4216B0D1F5FB5A19F8AA1CDD9ED87178706FB96568C7B0B3626CC06A67E7B09DD0F4ADD7F575CEECE04AE6410B08DFAB2E1A5B622BE4AA64B460AA95EB
20220401041531 2 6 100 2047 2 DBC176B3A0D053548D362643A4AAB4901931A9BD7A7FD81747ADB3C9E1F1D937B01EFFDA03497BE1022D6424B64430172E31D7728FB0BEECA27229BB22DB89F4A6ADBFE155C986F7531DAA68DB6135193CDE669AEF6487AE8ABD7C6703981C066E166F19486132629B96A9F7891A6D4F32E32889B97738D82F4AE4A6B23E01779D475708405613DFC7084043F37AF36B90951286ADA0959F6CEC8472994C79D93336CA1B984D584349123B6D74F0192FB469CE29B2BE39006660919F675EEB8C7DAEEE4216B0D1F5FB5A19F8AA1CDD9ED87178706FB96568C7B0B3626CC06A67E7B09DD0F4ADD7F575CEECE04AE6410B08DFAB2E1A5B622BE4AA64B460B6A0FB
20220401041541 2 6 100 2047 2 DBC176B3A0D053548D362643A4AAB4901931A9BD7A7FD81747ADB3C9E1F1D937B01EFFDA03497BE1022D6424B64430172E31D7728FB0BEECA27229BB22DB89F4A6ADBFE155C986F7531DAA68DB6135193CDE669AEF6487AE8ABD7C6703981C066E166F19486132629B96A9F7891A6D4F32E32889B97738D82F4AE4A6B23E01779D475708405613DFC7084043F37AF36B90951286ADA0959F6CEC8472994C79D93336CA1B984D584349123B6D74F0192FB469CE29B2BE39006660919F675EEB8C7DAEEE4216B0D1F5FB5A19F8AA1CDD9ED87178706FB96568C7B0B3626CC06A67E7B09DD0F4ADD7F575CEECE04AE6410B08DFAB2E1A5B622BE4AA64B460F6D59B
20220401041545 2 6 100 2047 2 DBC176B3A0D053548D362643A4AAB4901931A9BD7A7FD81747ADB3C9E1F1D937B01EFFDA03497BE1022D6424B64430172E31D7728FB0BEECA27229BB22DB89F4A6ADBFE155C986F7531DAA68DB6135193CDE669AEF6487AE8ABD7C6703981C066E166F19486132629B96A9F7891A6D4F32E32889B97738D82F4AE4A6B23E01779D475708405613DFC7084043F37AF36B90951286ADA0959F6CEC8472994C79D93336CA1B984D584349123B6D74F0192FB469CE29B2BE39006660919F675EEB8C7DAEEE4216B0D1F5FB5A19F8AA1CDD9ED87178706FB96568C7B0B3626CC06A67E7B09DD0F4ADD7F575CEECE04AE6410B08DFAB2E1A5B622BE4AA64B4610BB453
20220401041547 2 6 100 2047 2 DBC176B3A0D053548D362643A4AAB4901931A9BD7A7FD81747ADB3C9E1F1D937B01EFFDA03497BE1022D6424B64430172E31D7728FB0BEECA27229BB22DB89F4A6ADBFE155C986F7531DAA68DB6135193CDE669AEF6487AE8ABD7C6703981C066E166F19486132629B96A9F7891A6D4F32E32889B97738D82F4AE4A6B23E01779D475708405613DFC7084043F37AF36B90951286ADA0959F6CEC8472994C79D93336CA1B984D584349123B6D74F0192FB469CE29B2BE39006660919F675EEB8C7DAEEE4216B0D1F5FB5A19F8AA1CDD9ED87178706FB96568C7B0B3626CC06A67E7B09DD0F4ADD7F575CEECE04AE6410B08DFAB2E1A5B622BE4AA64B4610EC3B3
20220401041554 2 6 100 2047 5 DBC176B3A0D053548D362643A4AAB4901931A9BD7A7FD81747ADB3C9E1F1D937B01EFFDA03497BE1022D6424B64430172E31D7728FB0BEECA27229BB22DB89F4A6ADBFE155C986F7531DAA68DB6135193CDE669AEF6487AE8ABD7C6703981C066E166F19486132629B96A9F7891A6D4F32E32889B97738D82F4AE4A6B23E01779D475708405613DFC7084043F37AF36B90951286ADA0959F6CEC8472994C79D93336CA1B984D584349123B6D74F0192FB469CE29B2BE39006660919F675EEB8C7DAEEE4216B0D1F5FB5A19F8AA1CDD9ED87178706FB96568C7B0B3626CC06A67E7B09DD0F4ADD7F575CEECE04AE6410B08DFAB2E1A5B622BE4AA64B4613D3B7F
20220401041611 2 6 100 2047 2 DBC176B3A0D053548D362643A4AAB4901931A9BD7A7FD81747ADB3C9E1F1D937B01EFFDA03497BE1022D6424B64430172E31D7728FB0BEECA27229BB22DB89F4A6ADBFE155C986F7531DAA68DB6135193CDE669AEF6487AE8ABD7C6703981C066E166F19486132629B96A9F7891A6D4F32E32889B97738D82F4AE4A6B23E01779D475708405613DFC7084043F37AF36B90951286ADA0959F6CEC8472994C79D93336CA1B984D584349123B6D74F0192FB469CE29B2BE39006660919F675EEB8C7DAEEE4216B0D1F5FB5A19F8AA1CDD9ED87178706FB96568C7B0B3626CC06A67E7B09DD0F4ADD7F575CEECE04AE6410B08DFAB2E1A5B622BE4AA64B461B1D273
20220401041612 2 6 100 2047 2 DBC176B3A0D053548D362643A4AAB4901931A9BD7A7FD81747ADB3C9E1F1D937B01EFFDA03497BE1022D6424B64430172E31D7728FB0BEECA27229BB22DB89F4A6ADBFE155C986F7531DAA68DB6135193CDE669AEF6487AE8ABD7C6703981C066E166F19486132629B96A9F7891A6D4F32E32889B97738D82F4AE4A6B23E01779D475708405613DFC7084043F37AF36B90951286ADA0959F6CEC8472994C79D93336CA1B984D584349123B6D74F0192FB469CE29B2BE39006660919F675EEB8C7DAEEE4216B0D1F5FB5A19F8AA1CDD9ED87178706FB96568C7B0B3626CC06A67E7B09DD0F4ADD7F575CEECE04AE6410B08DFAB2E1A5B622BE4AA64B461B320F3
20220401041616 2 6 100 2047 5 DBC176B3A0D053548D362643A4AAB4901931A9BD7A7FD81747ADB3C9E1F1D937B01EFFDA03497BE1022D6424B64430172E31D7728FB0BEECA27229BB22DB89F4A6ADBFE155C986F7531DAA68DB6135193CDE669AEF6487AE8ABD7C6703981C066E166F19486132629B96A9F7891A6D4F32E32889B97738D82F4AE4A6B23E01779D475708405613DFC7084043F37AF36B90951286ADA0959F6CEC8472994C79D93336CA1B984D584349123B6D74F0192FB469CE29B2BE39006660919F675EEB8C7DAEEE4216B0D1F5FB5A19F8AA1CDD9ED87178706FB96568C7B0B3626CC06A67E7B09DD0F4ADD7F575CEECE04AE6410B08DFAB2E1A5B622BE4AA64B461C54727
20220401041622 2 6 100 2047 2 DBC176B3A0D053548D362643A4AAB4901931A9BD7A7FD81747ADB3C9E1F1D937B01EFFDA03497BE1022D6424B64430172E31D7728FB0BEECA27229BB22DB89F4A6ADBFE155C986F7531DAA68DB6135193CDE669AEF6487AE8ABD7C6703981C066E166F19486132629B96A9F7891A6D4F32E32889B97738D82F4AE4A6B23E01779D475708405613DFC7084043F37AF36B90951286ADA0959F6CEC8472994C79D93336CA1B984D584349123B6D74F0192FB469CE29B2BE39006660919F675EEB8C7DAEEE4216B0D1F5FB5A19F8AA1CDD9ED87178706FB96568C7B0B3626CC06A67E7B09DD0F4ADD7F575CEECE04AE6410B08DFAB2E1A5B622BE4AA64B461EA7AFB
20220401041628 2 6 100 2047 5 DBC176B3A0D053548D362643A4AAB4901931A9BD7A7FD81747ADB3C9E1F1D937B01EFFDA03497BE1022D6424B64430172E31D7728FB0BEECA27229BB22DB89F4A6ADBFE155C986F7531DAA68DB6135193CDE669AEF6487AE8ABD7C6703981C066E166F19486132629B96A9F7891A6D4F32E32889B97738D82F4AE4A6B23E01779D475708405613DFC7084043F37AF36B90951286ADA0959F6CEC8472994C79D93336CA1B984D584349123B6D74F0192FB469CE29B2BE39006660919F675EEB8C7DAEEE4216B0D1F5FB5A19F8AA1CDD9ED87178706FB96568C7B0B3626CC06A67E7B09DD0F4ADD7F575CEECE04AE6410B08DFAB2E1A5B622BE4AA64B46212ACBF
20220401041632 2 6 100 2047 5 DBC176B3A0D053548D362643A4AAB4901931A9BD7A7FD81747ADB3C9E1F1D937B01EFFDA03497BE1022D6424B64430172E31D7728FB0BEECA27229BB22DB89F4A6ADBFE155C986F7531DAA68DB6135193CDE669AEF6487AE8ABD7C6703981C066E166F19486132629B96A9F7891A6D4F32E32889B97738D82F4AE4A6B23E01779D475708405613DFC7084043F37AF36B90951286ADA0959F6CEC8472994C79D93336CA1B984D584349123B6D74F0192FB469CE29B2BE39006660919F675EEB8C7DAEEE4216B0D1F5FB5A19F8AA1CDD9ED87178706FB96568C7B0B3626CC06A67E7B09DD0F4ADD7F575CEECE04AE6410B08DFAB2E1A5B622BE4AA64B462282BDF
20220401041639 2 6 100 2047 2 DBC176B3A0D053548D362643A4AAB4901931A9BD7A7FD81747ADB3C9E1F1D937B01EFFDA03497BE1022D6424B64430172E31D7728FB0BEECA27229BB22DB89F4A6ADBFE155C986F7531DAA68DB6135193CDE669AEF6487AE8ABD7C6703981C066E166F19486132629B96A9F7891A6D4F32E32889B97738D82F4AE4A6B23E01779D475708405613DFC7084043F37AF36B90951286ADA0959F6CEC8472994C79D93336CA1B984D584349123B6D74F0192FB469CE29B2BE39006660919F675EEB8C7DAEEE4216B0D1F5FB5A19F8AA1CDD9ED87178706FB96568C7B0B3626CC06A67E7B09DD0F4ADD7F575CEECE04AE6410B08DFAB2E1A5B622BE4AA64B4624DE083
20220401041643 2 6 100 2047 2 DBC176B3A0D053548D362643A4AAB4901931A9BD7A7FD81747ADB3C9E1F1D937B01EFFDA03497BE1022D6424B64430172E31D7728FB0BEECA27229BB22DB89F4A6ADBFE155C986F7531DAA68DB6135193CDE669AEF6487AE8ABD7C6703981C066E166F19486132629B96A9F7891A6D4F32E32889B97738D82F4AE4A6B23E01779D475708405613DFC7084043F37AF36B90951286ADA0959F6CEC8472994C79D93336CA1B984D584349123B6D74F0192FB469CE29B2BE39006660919F675EEB8C7DAEEE4216B0D1F5FB5A19F8AA1CDD9ED87178706FB96568C7B0B3626CC06A67E7B09DD0F4ADD7F575CEECE04AE6410B08DFAB2E1A5B622BE4AA64B462688FFB
20220401041646 2 6 100 2047 2 DBC176B3A0D053548D362643A4AAB4901931A9BD7A7FD81747ADB3C9E1F1D937B01EFFDA03497BE1022D6424B64430172E31D7728FB0BEECA27229BB22DB89F4A6ADBFE155C986F7531DAA68DB6135193CDE669AEF6487AE8ABD7C6703981C066E166F19486132629B96A9F7891A6D4F32E32889B97738D82F4AE4A6B23E01779D475708405613DFC7084043F37AF36B90951286ADA0959F6CEC8472994C79D93336CA1B984D584349123B6D74F0192FB469CE29B2BE39006660919F675EEB8C7DAEEE4216B0D1F5FB5A19F8AA1CDD9ED87178706FB96568C7B0B3626CC06A67E7B09DD0F4ADD7F575CEECE04AE6410B08DFAB2E1A5B622BE4AA64B46271914B
20220401041703 2 6 100 2047 2 DBC176B3A0D053548D362643A4AAB4901931A9BD7A7FD81747ADB3C9E1F1D937B01EFFDA03497BE1022D6424B64430172E31D7728FB0BEECA27229BB22DB89F4A6ADBFE155C986F7531DAA68DB6135193CDE669AEF6487AE8ABD7C6703981C066E166F19486132629B96A9F7891A6D4F32E32889B97738D82F4AE4A6B23E01779D475708405613DFC7084043F37AF36B90951286ADA0959F6CEC8472994C79D93336CA1B984D584349123B6D74F0192FB469CE29B2BE39006660919F675EEB8C7DAEEE4216B0D1F5FB5A19F8AA1CDD9ED87178706FB96568C7B0B3626CC06A67E7B09DD0F4ADD7F575CEECE04AE6410B08DFAB2E1A5B622BE4AA64B462EC07C3
20220401041706 2 6 100 2047 5 DBC176B3A0D053548D362643A4AAB4901931A9BD7A7FD81747ADB3C9E1F1D937B01EFFDA03497BE1022D6424B64430172E31D7728FB0BEECA27229BB22DB89F4A6ADBFE155C986F7531DAA68DB6135193CDE669AEF6487AE8ABD7C6703981C066E166F19486132629B96A9F7891A6D4F32E32889B97738D82F4AE4A6B23E01779D475708405613DFC7084043F37AF36B90951286ADA0959F6CEC8472994C79D93336CA1B984D584349123B6D74F0192FB469CE29B2BE39006660919F675EEB8C7DAEEE4216B0D1F5FB5A19F8AA1CDD9ED87178706FB96568C7B0B3626CC06A67E7B09DD0F4ADD7F575CEECE04AE6410B08DFAB2E1A5B622BE4AA64B462F83DB7
20220401041712 2 6 100 2047 2 DBC176B3A0D053548D362643A4AAB4901931A9BD7A7FD81747ADB3C9E1F1D937B01EFFDA03497BE1022D6424B64430172E31D7728FB0BEECA27229BB22DB89F4A6ADBFE155C986F7531DAA68DB6135193CDE669AEF6487AE8ABD7C6703981C066E166F19486132629B96A9F7891A6D4F32E32889B97738D82F4AE4A6B23E01779D475708405613DFC7084043F37AF36B90951286ADA0959F6CEC8472994C79D93336CA1B984D584349123B6D74F0192FB469CE29B2BE39006660919F675EEB8C7DAEEE4216B0D1F5FB5A19F8AA1CDD9ED87178706FB96568C7B0B3626CC06A67E7B09DD0F4ADD7F575CEECE04AE6410B08DFAB2E1A5B622BE4AA64B4631BB2BB
20220401041719 2 6 100 2047 2 DBC176B3A0D053548D362643A4AAB4901931A9BD7A7FD81747ADB3C9E1F1D937B01EFFDA03497BE1022D6424B64430172E31D7728FB0BEECA27229BB22DB89F4A6ADBFE155C986F7531DAA68DB6135193CDE669AEF6487AE8ABD7C6703981C066E166F19486132629B96A9F7891A6D4F32E32889B97738D82F4AE4A6B23E01779D475708405613DFC7084043F37AF36B90951286ADA0959F6CEC8472994C79D93336CA1B984D584349123B6D74F0192FB469CE29B2BE39006660919F675EEB8C7DAEEE4216B0D1F5FB5A19F8AA1CDD9ED87178706FB96568C7B0B3626CC06A67E7B09DD0F4ADD7F575CEECE04AE6410B08DFAB2E1A5B622BE4AA64B46349D76B
20220401041729 2 6 100 2047 5 DBC176B3A0D053548D362643A4AAB4901931A9BD7A7FD81747ADB3C9E1F1D937B01EFFDA03497BE1022D6424B64430172E31D7728FB0BEECA27229BB22DB89F4A6ADBFE155C986F7531DAA68DB6135193CDE669AEF6487AE8ABD7C6703981C066E166F19486132629B96A9F7891A6D4F32E32889B97738D82F4AE4A6B23E01779D475708405613DFC7084043F37AF36B90951286ADA0959F6CEC8472994C79D93336CA1B984D584349123B6D74F0192FB469CE29B2BE39006660919F675EEB8C7DAEEE4216B0D1F5FB5A19F8AA1CDD9ED87178706FB96568C7B0B3626CC06A67E7B09DD0F4ADD7F575CEECE04AE6410B08DFAB2E1A5B622BE4AA64B4638FAD4F
20220401041742 2 6 100 2047 2 DBC176B3A0D053548D362643A4AAB4901931A9BD7A7FD81747ADB3C9E1F1D937B01EFFDA03497BE1022D6424B64430172E31D7728FB0BEECA27229BB22DB89F4A6ADBFE155C986F7531DAA68DB6135193CDE669AEF6487AE8ABD7C6703981C066E166F19486132629B96A9F7891A6D4F32E32889B97738D82F4AE4A6B23E01779D475708405613DFC7084043F37AF36B90951286ADA0959F6CEC8472994C79D93336CA1B984D584349123B6D74F0192FB469CE29B2BE39006660919F675EEB8C7DAEEE4216B0D1F5FB5A19F8AA1CDD9ED87178706FB96568C7B0B3626CC06A67E7B09DD0F4ADD7F575CEECE04AE6410B08DFAB2E1A5B622BE4AA64B463E93B8B
20220401041744 2 6 100 2047 5 DBC176B3A0D053548D362643A4AAB4901931A9BD7A7FD81747ADB3C9E1F1D937B01EFFDA03497BE1022D6424B64430172E31D7728FB0BEECA27229BB22DB89F4A6ADBFE155C986F7531DAA68DB6135193CDE669AEF6487AE8ABD7C6703981C066E166F19486132629B96A9F7891A6D4F32E32889B97738D82F4AE4A6B23E01779D475708405613DFC7084043F37AF36B90951286ADA0959F6CEC8472994C79D93336CA1B984D584349123B6D74F0192FB469CE29B2BE39006660919F675EEB8C7DAEEE4216B0D1F5FB5A19F8AA1CDD9ED87178706FB96568C7B0B3626CC06A67E7B09DD0F4ADD7F575CEECE04AE6410B08DFAB2E1A5B622BE4AA64B463EAD8BF
20220401041746 2 6 100 2047 2 DBC176B3A0D053548D362643A4AAB4901931A9BD7A7FD81747ADB3C9E1F1D937B01EFFDA03497BE1022D6424B64430172E31D7728FB0BEECA27229BB22DB89F4A6ADBFE155C986F7531DAA68DB6135193CDE669AEF6487AE8ABD7C6703981C066E166F19486132629B96A9F7891A6D4F32E32889B97738D82F4AE4A6B23E01779D475708405613DFC7084043F37AF36B90951286ADA0959F6CEC8472994C79D93336CA1B984D584349123B6D74F0192FB469CE29B2BE39006660919F675EEB8C7DAEEE4216B0D1F5FB5A19F8AA1CDD9ED87178706FB96568C7B0B3626CC06A67E7B09DD0F4ADD7F575CEECE04AE6410B08DFAB2E1A5B622BE4AA64B463F279B3
20220401041758 2 6 100 2047 5 DBC176B3A0D053548D362643A4AAB4901931A9BD7A7FD81747ADB3C9E1F1D937B01EFFDA03497BE1022D6424B64430172E31D7728FB0BEECA27229BB22DB89F4A6ADBFE155C986F7531DAA68DB6135193CDE669AEF6487AE8ABD7C6703981C066E166F19486132629B96A9F7891A6D4F32E32889B97738D82F4AE4A6B23E01779D475708405613DFC7084043F37AF36B90951286ADA0959F6CEC8472994C79D93336CA1B984D584349123B6D74F0192FB469CE29B2BE39006660919F675EEB8C7DAEEE4216B0D1F5FB5A19F8AA1CDD9ED87178706FB96568C7B0B3626CC06A67E7B09DD0F4ADD7F575CEECE04AE6410B08DFAB2E1A5B622BE4AA64B46446FA5F
20220401041805 2 6 100 2047 2 DBC176B3A0D053548D362643A4AAB4901931A9BD7A7FD81747ADB3C9E1F1D937B01EFFDA03497BE1022D6424B64430172E31D7728FB0BEECA27229BB22DB89F4A6ADBFE155C986F7531DAA68DB6135193CDE669AEF6487AE8ABD7C6703981C066E166F19486132629B96A9F7891A6D4F32E32889B97738D82F4AE4A6B23E01779D475708405613DFC7084043F37AF36B90951286ADA0959F6CEC8472994C79D93336CA1B984D584349123B6D74F0192FB469CE29B2BE39006660919F675EEB8C7DAEEE4216B0D1F5FB5A19F8AA1CDD9ED87178706FB96568C7B0B3626CC06A67E7B09DD0F4ADD7F575CEECE04AE6410B08DFAB2E1A5B622BE4AA64B46472D153
20220401041806 2 6 100 2047 5 DBC176B3A0D053548D362643A4AAB4901931A9BD7A7FD81747ADB3C9E1F1D937B01EFFDA03497BE1022D6424B64430172E31D7728FB0BEECA27229BB22DB89F4A6ADBFE155C986F7531DAA68DB6135193CDE669AEF6487AE8ABD7C6703981C066E166F19486132629B96A9F7891A6D4F32E32889B97738D82F4AE4A6B23E01779D475708405613DFC7084043F37AF36B90951286ADA0959F6CEC8472994C79D93336CA1B984D584349123B6D74F0192FB469CE29B2BE39006660919F675EEB8C7DAEEE4216B0D1F5FB5A19F8AA1CDD9ED87178706FB96568C7B0B3626CC06A67E7B09DD0F4ADD7F575CEECE04AE6410B08DFAB2E1A5B622BE4AA64B4647853BF
20220401041811 2 6 100 2047 2 DBC176B3A0D053548D362643A4AAB4901931A9BD7A7FD81747ADB3C9E1F1D937B01EFFDA03497BE1022D6424B64430172E31D7728FB0BEECA27229BB22DB89F4A6ADBFE155C986F7531DAA68DB6135193CDE669AEF6487AE8ABD7C6703981C066E166F19486132629B96A9F7891A6D4F32E32889B97738D82F4AE4A6B23E01779D475708405613DFC7084043F37AF36B90951286ADA0959F6CEC8472994C79D93336CA1B984D584349123B6D74F0192FB469CE29B2BE39006660919F675EEB8C7DAEEE4216B0D1F5FB5A19F8AA1CDD9ED87178706FB96568C7B0B3626CC06A67E7B09DD0F4ADD7F575CEECE04AE6410B08DFAB2E1A5B622BE4AA64B46492C84B
20220401041822 2 6 100 2047 5 DBC176B3A0D053548D362643A4AAB4901931A9BD7A7FD81747ADB3C9E1F1D937B01EFFDA03497BE1022D6424B64430172E31D7728FB0BEECA27229BB22DB89F4A6ADBFE155C986F7531DAA68DB6135193CDE669AEF6487AE8ABD7C6703981C066E166F19486132629B96A9F7891A6D4F32E32889B97738D82F4AE4A6B23E01779D475708405613DFC7084043F37AF36B90951286ADA0959F6CEC8472994C79D93336CA1B984D584349123B6D74F0192FB469CE29B2BE39006660919F675EEB8C7DAEEE4216B0D1F5FB5A19F8AA1CDD9ED87178706FB96568C7B0B3626CC06A67E7B09DD0F4ADD7F575CEECE04AE6410B08DFAB2E1A5B622BE4AA64B464D67257
20220401041825 2 6 100 2047 5 DBC176B3A0D053548D362643A4AAB4901931A9BD7A7FD81747ADB3C9E1F1D937B01EFFDA03497BE1022D6424B64430172E31D7728FB0BEECA27229BB22DB89F4A6ADBFE155C986F7531DAA68DB6135193CDE669AEF6487AE8ABD7C6703981C066E166F19486132629B96A9F7891A6D4F32E32889B97738D82F4AE4A6B23E01779D475708405613DFC7084043F37AF36B90951286ADA0959F6CEC8472994C79D93336CA1B984D584349123B6D74F0192FB469CE29B2BE39006660919F675EEB8C7DAEEE4216B0D1F5FB5A19F8AA1CDD9ED87178706FB96568C7B0B3626CC06A67E7B09DD0F4ADD7F575CEECE04AE6410B08DFAB2E1A5B622BE4AA64B464E65F9F
20220401041837 2 6 100 2047 2 DBC176B3A0D053548D362643A4AAB4901931A9BD7A7FD81747ADB3C9E1F1D937B01EFFDA03497BE1022D6424B64430172E31D7728FB0BEECA27229BB22DB89F4A6ADBFE155C986F7531DAA68DB6135193CDE669AEF6487AE8ABD7C6703981C066E166F19486132629B96A9F7891A6D4F32E32889B97738D82F4AE4A6B23E01779D475708405613DFC7084043F37AF36B90951286ADA0959F6CEC8472994C79D93336CA1B984D584349123B6D74F0192FB469CE29B2BE39006660919F675EEB8C7DAEEE4216B0D1F5FB5A19F8AA1CDD9ED87178706FB96568C7B0B3626CC06A67E7B09DD0F4ADD7F575CEECE04AE6410B08DFAB2E1A5B622BE4AA64B4653664FB
