20150525212822 2 6 100 2047 2 EF0DFBDF71AF125C61EB8559466375E96A7596A52FADF26FF25C78EEFA9BC68B367AE92D4F1E45B9BF9FB6808EDADD610420B78BFB7BBF078F7D70BC893FE258FFCB3FE0F2A4B63E537C713710233ADA2DCAE8456877AB75C8255D0F08C71DA0EE05E772306166940D5898EB10C7B4B78CF7A2B894943DD2ECC2880C60ABD20CEED4773F9223A8C773F31BE14BCCFAC9D5E97CD810E3A038887419BA4AB1FB1F1776D308CDCA89F4AB27B693C723BBB171AC4CE1FA9944ED59D501681F513D47A9C2694AB9F1B5AB418AE738E8EC6F8ABB75CEC00191E8D0AEDF6CF57A8BFE408DA68DEFED1DBAB819DA7AAC680C0FB0584BAD398E946052E5FC5E66EE0FEA7B
20150525212826 2 6 100 2047 2 EF0DFBDF71AF125C61EB8559466375E96A7596A52FADF26FF25C78EEFA9BC68B367AE92D4F1E45B9BF9FB6808EDADD610420B78BFB7BBF078F7D70BC893FE258FFCB3FE0F2A4B63E537C713710233ADA2DCAE8456877AB75C8255D0F08C71DA0EE05E772306166940D5898EB10C7B4B78CF7A2B894943DD2ECC2880C60ABD20CEED4773F9223A8C773F31BE14BCCFAC9D5E97CD810E3A038887419BA4AB1FB1F1776D308CDCA89F4AB27B693C723BBB171AC4CE1FA9944ED59D501681F513D47A9C2694AB9F1B5AB418AE738E8EC6F8ABB75CEC00191E8D0AEDF6CF57A8BFE408DA68DEFED1DBAB819DA7AAC680C0FB0584BAD398E946052E5FC5E66EE2CD6C3
20150525212828 2 6 100 2047 2 EF0DFBDF71AF125C61EB8559466375E96A7596A52FADF26FF25C78EEFA9BC68B367AE92D4F1E45B9BF9FB6808EDADD610420B78BFB7BBF078F7D70BC893FE258FFCB3FE0F2A4B63E537C713710233ADA2DCAE8456877AB75C8255D0F08C71DA0EE05E772306166940D5898EB10C7B4B78CF7A2B894943DD2ECC2880C60ABD20CEED4773F9223A8C773F31BE14BCCFAC9D5E97CD810E3A038887419BA4AB1FB1F1776D308CDCA89F4AB27B693C723BBB171AC4CE1FA9944ED59D501681F513D47A9C2694AB9F1B5AB418AE738E8EC6F8ABB75CEC00191E8D0AEDF6CF57A8BFE408DA68DEFED1DBAB819DA7AAC680C0FB0584BAD398E946052E5FC5E66EE388AEB
20150525212829 2 6 100 2047 2 EF0DFBDF71AF125C61EB8559466375E96A7596A52FADF26FF25C78EEFA9BC68B367AE92D4F1E45B9BF9FB6808EDADD610420B78BFB7BBF078F7D70BC893FE258FFCB3FE0F2A4B63E537C713710233ADA2DCAE8456877AB75C8255D0F08C71DA0EE05E772306166940D5898EB10C7B4B78CF7A2B894943DD2ECC2880C60ABD20CEED4773F9223A8C773F31BE14BCCFAC9D5E97CD810E3A038887419BA4AB1FB1F1776D308CDCA89F4AB27B693C723BBB171AC4CE1FA9944ED59D501681F513D47A9C2694AB9F1B5AB418AE738E8EC6F8ABB75CEC00191E8D0AEDF6CF57A8BFE408DA68DEFED1DBAB819DA7AAC680C0FB0584BAD398E946052E5FC5E66EE3898B3
20150525212833 2 6 100 2047 5 EF0DFBDF71AF125C61EB8559466375E96A7596A52FADF26FF25C78EEFA9BC68B367AE92D4F1E45B9BF9FB6808EDADD610420B78BFB7BBF078F7D70BC893FE258FFCB3FE0F2A4B63E537C713710233ADA2DCAE8456877AB75C8255D0F08C71DA0EE05E772306166940D5898EB10C7B4B78CF7A2B894943DD2ECC2880C60ABD20CEED4773F9223A8C773F31BE14BCCFAC9D5E97CD810E3A038887419BA4AB1FB1F1776D308CDCA89F4AB27B693C723BBB171AC4CE1FA9944ED59D501681F513D47A9C2694AB9F1B5AB418AE738E8EC6F8ABB75CEC00191E8D0AEDF6CF57A8BFE408DA68DEFED1DBAB819DA7AAC680C0FB0584BAD398E946052E5FC5E66EE57E817
20150525212836 2 6 100 2047 5 EF0DFBDF71AF125C61EB8559466375E96A7596A52FADF26FF25C78EEFA9BC68B367AE92D4F1E45B9BF9FB6808EDADD610420B78BFB7BBF078F7D70BC893FE258FFCB3FE0F2A4B63E537C713710233ADA2DCAE8456877AB75C8255D0F08C71DA0EE05E772306166940D5898EB10C7B4B78CF7A2B894943DD2ECC2880C60ABD20CEED4773F9223A8C773F31BE14BCCFAC9D5E97CD810E3A038887419BA4AB1FB1F1776D308CDCA89F4AB27B693C723BBB171AC4CE1FA9944ED59D501681F513D47A9C2694AB9F1B5AB418AE738E8EC6F8ABB75CEC00191E8D0AEDF6CF57A8BFE408DA68DEFED1DBAB819DA7AAC680C0FB0584BAD398E946052E5FC5E66EE65D657
20150525212848 2 6 100 2047 2 EF0DFBDF71AF125C61EB8559466375E96A7596A52FADF26FF25C78EEFA9BC68B367AE92D4F1E45B9BF9FB6808EDADD610420B78BFB7BBF078F7D70BC893FE258FFCB3FE0F2A4B63E537C713710233ADA2DCAE8456877AB75C8255D0F08C71DA0EE05E772306166940D5898EB10C7B4B78CF7A2B894943DD2ECC2880C60ABD20CEED4773F9223A8C773F31BE14BCCFAC9D5E97CD810E3A038887419BA4AB1FB1F1776D308CDCA89F4AB27B693C723BBB171AC4CE1FA9944ED59D501681F513D47A9C2694AB9F1B5AB418AE738E8EC6F8ABB75CEC00191E8D0AEDF6CF57A8BFE408DA68DEFED1DBAB819DA7AAC680C0FB0584BAD398E946052E5FC5E66EECF9C4B
20150525212851 2 6 100 2047 2 EF0DFBDF71AF125C61EB8559466375E96A7596A52FADF26FF25C78EEFA9BC68B367AE92D4F1E45B9BF9FB6808EDADD610420B78BFB7BBF078F7D70BC893FE258FFCB3FE0F2A4B63E537C713710233ADA2DCAE8456877AB75C8255D0F08C71DA0EE05E772306166940D5898EB10C7B4B78CF7A2B894943DD2ECC2880C60ABD20CEED4773F9223A8C773F31BE14BCCFAC9D5E97CD810E3A038887419BA4AB1FB1F1776D308CDCA89F4AB27B693C723BBB171AC4CE1FA9944ED59D501681F513D47A9C2694AB9F1B5AB418AE738E8EC6F8ABB75CEC00191E8D0AEDF6CF57A8BFE408DA68DEFED1DBAB819DA7AAC680C0FB0584BAD398E946052E5FC5E66EEE755FB
20150525212852 2 6 100 2047 2 EF0DFBDF71AF125C61EB8559466375E96A7596A52FADF26FF25C78EEFA9BC68B367AE92D4F1E45B9BF9FB6808EDADD610420B78BFB7BBF078F7D70BC893FE258FFCB3FE0F2A4B63E537C713710233ADA2DCAE8456877AB75C8255D0F08C71DA0EE05E772306166940D5898EB10C7B4B78CF7A2B894943DD2ECC2880C60ABD20CEED4773F9223A8C773F31BE14BCCFAC9D5E97CD810E3A038887419BA4AB1FB1F1776D308CDCA89F4AB27B693C723BBB171AC4CE1FA9944ED59D501681F513D47A9C2694AB9F1B5AB418AE738E8EC6F8ABB75CEC00191E8D0AEDF6CF57A8BFE408DA68DEFED1DBAB819DA7AAC680C0FB0584BAD398E946052E5FC5E66EEEC23CB
20150525212903 2 6 100 2047 5 EF0DFBDF71AF125C61EB8559466375E96A7596A52FADF26FF25C78EEFA9BC68B367AE92D4F1E45B9BF9FB6808EDADD610420B78BFB7BBF078F7D70BC893FE258FFCB3FE0F2A4B63E537C713710233ADA2DCAE8456877AB75C8255D0F08C71DA0EE05E772306166940D5898EB10C7B4B78CF7A2B894943DD2ECC2880C60ABD20CEED4773F9223A8C773F31BE14BCCFAC9D5E97CD810E3A038887419BA4AB1FB1F1776D308CDCA89F4AB27B693C723BBB171AC4CE1FA9944ED59D501681F513D47A9C2694AB9F1B5AB418AE738E8EC6F8ABB75CEC00191E8D0AEDF6CF57A8BFE408DA68DEFED1DBAB819DA7AAC680C0FB0584BAD398E946052E5FC5E66EF48EE7F
20150525212905 2 6 100 2047 5 EF0DFBDF71AF125C61EB8559466375E96A7596A52FADF26FF25C78EEFA9BC68B367AE92D4F1E45B9BF9FB6808EDADD610420B78BFB7BBF078F7D70BC893FE258FFCB3FE0F2A4B63E537C713710233ADA2DCAE8456877AB75C8255D0F08C71DA0EE05E772306166940D5898EB10C7B4B78CF7A2B894943DD2ECC2880C60ABD20CEED4773F9223A8C773F31BE14BCCFAC9D5E97CD810E3A038887419BA4AB1FB1F1776D308CDCA89F4AB27B693C723BBB171AC4CE1FA9944ED59D501681F513D47A9C2694AB9F1B5AB418AE738E8EC6F8ABB75CEC00191E8D0AEDF6CF57A8BFE408DA68DEFED1DBAB819DA7AAC680C0FB0584BAD398E946052E5FC5E66EF504DC7
20150525212907 2 6 100 2047 5 EF0DFBDF71AF125C61EB8559466375E96A7596A52FADF26FF25C78EEFA9BC68B367AE92D4F1E45B9BF9FB6808EDADD610420B78BFB7BBF078F7D70BC893FE258FFCB3FE0F2A4B63E537C713710233ADA2DCAE8456877AB75C8255D0F08C71DA0EE05E772306166940D5898EB10C7B4B78CF7A2B894943DD2ECC2880C60ABD20CEED4773F9223A8C773F31BE14BCCFAC9D5E97CD810E3A038887419BA4AB1FB1F1776D308CDCA89F4AB27B693C723BBB171AC4CE1FA9944ED59D501681F513D47A9C2694AB9F1B5AB418AE738E8EC6F8ABB75CEC00191E8D0AEDF6CF57A8BFE408DA68DEFED1DBAB819DA7AAC680C0FB0584BAD398E946052E5FC5E66EF5D7187
20150525212920 2 6 100 2047 2 EF0DFBDF71AF125C61EB8559466375E96A7596A52FADF26FF25C78EEFA9BC68B367AE92D4F1E45B9BF9FB6808EDADD610420B78BFB7BBF078F7D70BC893FE258FFCB3FE0F2A4B63E537C713710233ADA2DCAE8456877AB75C8255D0F08C71DA0EE05E772306166940D5898EB10C7B4B78CF7A2B894943DD2ECC2880C60ABD20CEED4773F9223A8C773F31BE14BCCFAC9D5E97CD810E3A038887419BA4AB1FB1F1776D308CDCA89F4AB27B693C723BBB171AC4CE1FA9944ED59D501681F513D47A9C2694AB9F1B5AB418AE738E8EC6F8ABB75CEC00191E8D0AEDF6CF57A8BFE408DA68DEFED1DBAB819DA7AAC680C0FB0584BAD398E946052E5FC5E66EFD38E63
20150525212939 2 6 100 2047 5 EF0DFBDF71AF125C61EB8559466375E96A7596A52FADF26FF25C78EEFA9BC68B367AE92D4F1E45B9BF9FB6808EDADD610420B78BFB7BBF078F7D70BC893FE258FFCB3FE0F2A4B63E537C713710233ADA2DCAE8456877AB75C8255D0F08C71DA0EE05E772306166940D5898EB10C7B4B78CF7A2B894943DD2ECC2880C60ABD20CEED4773F9223A8C773F31BE14BCCFAC9D5E97CD810E3A038887419BA4AB1FB1F1776D308CDCA89F4AB27B693C723BBB171AC4CE1FA9944ED59D501681F513D47A9C2694AB9F1B5AB418AE738E8EC6F8ABB75CEC00191E8D0AEDF6CF57A8BFE408DA68DEFED1DBAB819DA7AAC680C0FB0584BAD398E946052E5FC5E66F07C6C3F
20150525212945 2 6 100 2047 5 EF0DFBDF71AF125C61EB8559466375E96A7596A52FADF26FF25C78EEFA9BC68B367AE92D4F1E45B9BF9FB6808EDADD610420B78BFB7BBF078F7D70BC893FE258FFCB3FE0F2A4B63E537C713710233ADA2DCAE8456877AB75C8255D0F08C71DA0EE05E772306166940D5898EB10C7B4B78CF7A2B894943DD2ECC2880C60ABD20CEED4773F9223A8C773F31BE14BCCFAC9D5E97CD810E3A038887419BA4AB1FB1F1776D308CDCA89F4AB27B693C723BBB171AC4CE1FA9944ED59D501681F513D47A9C2694AB9F1B5AB418AE738E8EC6F8ABB75CEC00191E8D0AEDF6CF57A8BFE408DA68DEFED1DBAB819DA7AAC680C0FB0584BAD398E946052E5FC5E66F0B13907
20150525212948 2 6 100 2047 2 EF0DFBDF71AF125C61EB8559466375E96A7596A52FADF26FF25C78EEFA9BC68B367AE92D4F1E45B9BF9FB6808EDADD610420B78BFB7BBF078F7D70BC893FE258FFCB3FE0F2A4B63E537C713710233ADA2DCAE8456877AB75C8255D0F08C71DA0EE05E772306166940D5898EB10C7B4B78CF7A2B894943DD2ECC2880C60ABD20CEED4773F9223A8C773F31BE14BCCFAC9D5E97CD810E3A038887419BA4AB1FB1F1776D308CDCA89F4AB27B693C723BBB171AC4CE1FA9944ED59D501681F513D47A9C2694AB9F1B5AB418AE738E8EC6F8ABB75CEC00191E8D0AEDF6CF57A8BFE408DA68DEFED1DBAB819DA7AAC680C0FB0584BAD398E946052E5FC5E66F0C5C48B
20150525212950 2 6 100 2047 2 EF0DFBDF71AF125C61EB8559466375E96A7596A52FADF26FF25C78EEFA9BC68B367AE92D4F1E45B9BF9FB6808EDADD610420B78BFB7BBF078F7D70BC893FE258FFCB3FE0F2A4B63E537C713710233ADA2DCAE8456877AB75C8255D0F08C71DA0EE05E772306166940D5898EB10C7B4B78CF7A2B894943DD2ECC2880C60ABD20CEED4773F9223A8C773F31BE14BCCFAC9D5E97CD810E3A038887419BA4AB1FB1F1776D308CDCA89F4AB27B693C723BBB171AC4CE1FA9944ED59D501681F513D47A9C2694AB9F1B5AB418AE738E8EC6F8ABB75CEC00191E8D0AEDF6CF57A8BFE408DA68DEFED1DBAB819DA7AAC680C0FB0584BAD398E946052E5FC5E66F0D1168B
20150525213000 2 6 100 2047 2 EF0DFBDF71AF125C61EB8559466375E96A7596A52FADF26FF25C78EEFA9BC68B367AE92D4F1E45B9BF9FB6808EDADD610420B78BFB7BBF078F7D70BC893FE258FFCB3FE0F2A4B63E537C713710233ADA2DCAE8456877AB75C8255D0F08C71DA0EE05E772306166940D5898EB10C7B4B78CF7A2B894943DD2ECC2880C60ABD20CEED4773F9223A8C773F31BE14BCCFAC9D5E97CD810E3A038887419BA4AB1FB1F1776D308CDCA89F4AB27B693C723BBB171AC4CE1FA9944ED59D501681F513D47A9C2694AB9F1B5AB418AE738E8EC6F8ABB75CEC00191E8D0AEDF6CF57A8BFE408DA68DEFED1DBAB819DA7AAC680C0FB0584BAD398E946052E5FC5E66F1236733
20150525213002 2 6 100 2047 5 EF0DFBDF71AF125C61EB8559466375E96A7596A52FADF26FF25C78EEFA9BC68B367AE92D4F1E45B9BF9FB6808EDADD610420B78BFB7BBF078F7D70BC893FE258FFCB3FE0F2A4B63E537C713710233ADA2DCAE8456877AB75C8255D0F08C71DA0EE05E772306166940D5898EB10C7B4B78CF7A2B894943DD2ECC2880C60ABD20CEED4773F9223A8C773F31BE14BCCFAC9D5E97CD810E3A038887419BA4AB1FB1F1776D308CDCA89F4AB27B693C723BBB171AC4CE1FA9944ED59D501681F513D47A9C2694AB9F1B5AB418AE738E8EC6F8ABB75CEC00191E8D0AEDF6CF57A8BFE408DA68DEFED1DBAB819DA7AAC680C0FB0584BAD398E946052E5FC5E66F12C3157
20150525213009 2 6 100 2047 2 EF0DFBDF71AF125C61EB8559466375E96A7596A52FADF26FF25C78EEFA9BC68B367AE92D4F1E45B9BF9FB6808EDADD610420B78BFB7BBF078F7D70BC893FE258FFCB3FE0F2A4B63E537C713710233ADA2DCAE8456877AB75C8255D0F08C71DA0EE05E772306166940D5898EB10C7B4B78CF7A2B894943DD2ECC2880C60ABD20CEED4773F9223A8C773F31BE14BCCFAC9D5E97CD810E3A038887419BA4AB1FB1F1776D308CDCA89F4AB27B693C723BBB171AC4CE1FA9944ED59D501681F513D47A9C2694AB9F1B5AB418AE738E8EC6F8ABB75CEC00191E8D0AEDF6CF57A8BFE408DA68DEFED1DBAB819DA7AAC680C0FB0584BAD398E946052E5FC5E66F15E1B9B
20150525213017 2 6 100 2047 2 EF0DFBDF71AF125C61EB8559466375E96A7596A52FADF26FF25C78EEFA9BC68B367AE92D4F1E45B9BF9FB6808EDADD610420B78BFB7BBF078F7D70BC893FE258FFCB3FE0F2A4B63E537C713710233ADA2DCAE8456877AB75C8255D0F08C71DA0EE05E772306166940D5898EB10C7B4B78CF7A2B894943DD2ECC2880C60ABD20CEED4773F9223A8C773F31BE14BCCFAC9D5E97CD810E3A038887419BA4AB1FB1F1776D308CDCA89F4AB27B693C723BBB171AC4CE1FA9944ED59D501681F513D47A9C2694AB9F1B5AB418AE738E8EC6F8ABB75CEC00191E8D0AEDF6CF57A8BFE408DA68DEFED1DBAB819DA7AAC680C0FB0584BAD398E946052E5FC5E66F1A7CAC3
20150525213021 2 6 100 2047 5 EF0DFBDF71AF125C61EB8559466375E96A7596A52FADF26FF25C78EEFA9BC68B367AE92D4F1E45B9BF9FB6808EDADD610420B78BFB7BBF078F7D70BC893FE258FFCB3FE0F2A4B63E537C713710233ADA2DCAE8456877AB75C8255D0F08C71DA0EE05E772306166940D5898EB10C7B4B78CF7A2B894943DD2ECC2880C60ABD20CEED4773F9223A8C773F31BE14BCCFAC9D5E97CD810E3A038887419BA4AB1FB1F1776D308CDCA89F4AB27B693C723BBB171AC4CE1FA9944ED59D501681F513D47A9C2694AB9F1B5AB418AE738E8EC6F8ABB75CEC00191E8D0AEDF6CF57A8BFE408DA68DEFED1DBAB819DA7AAC680C0FB0584BAD398E946052E5FC5E66F1C4AD0F
20150525213024 2 6 100 2047 2 EF0DFBDF71AF125C61EB8559466375E96A7596A52FADF26FF25C78EEFA9BC68B367AE92D4F1E45B9BF9FB6808EDADD610420B78BFB7BBF078F7D70BC893FE258FFCB3FE0F2A4B63E537C713710233ADA2DCAE8456877AB75C8255D0F08C71DA0EE05E772306166940D5898EB10C7B4B78CF7A2B894943DD2ECC2880C60ABD20CEED4773F9223A8C773F31BE14BCCFAC9D5E97CD810E3A038887419BA4AB1FB1F1776D308CDCA89F4AB27B693C723BBB171AC4CE1FA9944ED59D501681F513D47A9C2694AB9F1B5AB418AE738E8EC6F8ABB75CEC00191E8D0AEDF6CF57A8BFE408DA68DEFED1DBAB819DA7AAC680C0FB0584BAD398E946052E5FC5E66F1DC0BC3
20150525213027 2 6 100 2047 5 EF0DFBDF71AF125C61EB8559466375E96A7596A52FADF26FF25C78EEFA9BC68B367AE92D4F1E45B9BF9FB6808EDADD610420B78BFB7BBF078F7D70BC893FE258FFCB3FE0F2A4B63E537C713710233ADA2DCAE8456877AB75C8255D0F08C71DA0EE05E772306166940D5898EB10C7B4B78CF7A2B894943DD2ECC2880C60ABD20CEED4773F9223A8C773F31BE14BCCFAC9D5E97CD810E3A038887419BA4AB1FB1F1776D308CDCA89F4AB27B693C723BBB171AC4CE1FA9944ED59D501681F513D47A9C2694AB9F1B5AB418AE738E8EC6F8ABB75CEC00191E8D0AEDF6CF57A8BFE408DA68DEFED1DBAB819DA7AAC680C0FB0584BAD398E946052E5FC5E66F1ECBCD7
20150525213038 2 6 100 2047 2 EF0DFBDF71AF125C61EB8559466375E96A7596A52FADF26FF25C78EEFA9BC68B367AE92D4F1E45B9BF9FB6808EDADD610420B78BFB7BBF078F7D70BC893FE258FFCB3FE0F2A4B63E537C713710233ADA2DCAE8456877AB75C8255D0F08C71DA0EE05E772306166940D5898EB10C7B4B78CF7A2B894943DD2ECC2880C60ABD20CEED4773F9223A8C773F31BE14BCCFAC9D5E97CD810E3A038887419BA4AB1FB1F1776D308CDCA89F4AB27B693C723BBB171AC4CE1FA9944ED59D501681F513D47A9C2694AB9F1B5AB418AE738E8EC6F8ABB75CEC00191E8D0AEDF6CF57A8BFE408DA68DEFED1DBAB819DA7AAC680C0FB0584BAD398E946052E5FC5E66F250A9B3
20150525213050 2 6 100 2047 2 EF0DFBDF71AF125C61EB8559466375E96A7596A52FADF26FF25C78EEFA9BC68B367AE92D4F1E45B9BF9FB6808EDADD610420B78BFB7BBF078F7D70BC893FE258FFCB3FE0F2A4B63E537C713710233ADA2DCAE8456877AB75C8255D0F08C71DA0EE05E772306166940D5898EB10C7B4B78CF7A2B894943DD2ECC2880C60ABD20CEED4773F9223A8C773F31BE14BCCFAC9D5E97CD810E3A038887419BA4AB1FB1F1776D308CDCA89F4AB27B693C723BBB171AC4CE1FA9944ED59D501681F513D47A9C2694AB9F1B5AB418AE738E8EC6F8ABB75CEC00191E8D0AEDF6CF57A8BFE408DA68DEFED1DBAB819DA7AAC680C0FB0584BAD398E946052E5FC5E66F2B5E93B
20150525213056 2 6 100 2047 5 EF0DFBDF71AF125C61EB8559466375E96A7596A52FADF26FF25C78EEFA9BC68B367AE92D4F1E45B9BF9FB6808EDADD610420B78BFB7BBF078F7D70BC893FE258FFCB3FE0F2A4B63E537C713710233ADA2DCAE8456877AB75C8255D0F08C71DA0EE05E772306166940D5898EB10C7B4B78CF7A2B894943DD2ECC2880C60ABD20CEED4773F9223A8C773F31BE14BCCFAC9D5E97CD810E3A038887419BA4AB1FB1F1776D308CDCA89F4AB27B693C723BBB171AC4CE1FA9944ED59D501681F513D47A9C2694AB9F1B5AB418AE738E8EC6F8ABB75CEC00191E8D0AEDF6CF57A8BFE408DA68DEFED1DBAB819DA7AAC680C0FB0584BAD398E946052E5FC5E66F2E80697
20150525213110 2 6 100 2047 2 EF0DFBDF71AF125C61EB8559466375E96A7596A52FADF26FF25C78EEFA9BC68B367AE92D4F1E45B9BF9FB6808EDADD610420B78BFB7BBF078F7D70BC893FE258FFCB3FE0F2A4B63E537C713710233ADA2DCAE8456877AB75C8255D0F08C71DA0EE05E772306166940D5898EB10C7B4B78CF7A2B894943DD2ECC2880C60ABD20CEED4773F9223A8C773F31BE14BCCFAC9D5E97CD810E3A038887419BA4AB1FB1F1776D308CDCA89F4AB27B693C723BBB171AC4CE1FA9944ED59D501681F513D47A9C2694AB9F1B5AB418AE738E8EC6F8ABB75CEC00191E8D0AEDF6CF57A8BFE408DA68DEFED1DBAB819DA7AAC680C0FB0584BAD398E946052E5FC5E66F363B143
20150525213116 2 6 100 2047 2 EF0DFBDF71AF125C61EB8559466375E96A7596A52FADF26FF25C78EEFA9BC68B367AE92D4F1E45B9BF9FB6808EDADD610420B78BFB7BBF078F7D70BC893FE258FFCB3FE0F2A4B63E537C713710233ADA2DCAE8456877AB75C8255D0F08C71DA0EE05E772306166940D5898EB10C7B4B78CF7A2B894943DD2ECC2880C60ABD20CEED4773F9223A8C773F31BE14BCCFAC9D5E97CD810E3A038887419BA4AB1FB1F1776D308CDCA89F4AB27B693C723BBB171AC4CE1FA9944ED59D501681F513D47A9C2694AB9F1B5AB418AE738E8EC6F8ABB75CEC00191E8D0AEDF6CF57A8BFE408DA68DEFED1DBAB819DA7AAC680C0FB0584BAD398E946052E5FC5E66F38E9CAB
20150525213118 2 6 100 2047 5 EF0DFBDF71AF125C61EB8559466375E96A7596A52FADF26FF25C78EEFA9BC68B367AE92D4F1E45B9BF9FB6808EDADD610420B78BFB7BBF078F7D70BC893FE258FFCB3FE0F2A4B63E537C713710233ADA2DCAE8456877AB75C8255D0F08C71DA0EE05E772306166940D5898EB10C7B4B78CF7A2B894943DD2ECC2880C60ABD20CEED4773F9223A8C773F31BE14BCCFAC9D5E97CD810E3A038887419BA4AB1FB1F1776D308CDCA89F4AB27B693C723BBB171AC4CE1FA9944ED59D501681F513D47A9C2694AB9F1B5AB418AE738E8EC6F8ABB75CEC00191E8D0AEDF6CF57A8BFE408DA68DEFED1DBAB819DA7AAC680C0FB0584BAD398E946052E5FC5E66F39FB2E7
20150525213121 2 6 100 2047 5 EF0DFBDF71AF125C61EB8559466375E96A7596A52FADF26FF25C78EEFA9BC68B367AE92D4F1E45B9BF9FB6808EDADD610420B78BFB7BBF078F7D70BC893FE258FFCB3FE0F2A4B63E537C713710233ADA2DCAE8456877AB75C8255D0F08C71DA0EE05E772306166940D5898EB10C7B4B78CF7A2B894943DD2ECC2880C60ABD20CEED4773F9223A8C773F31BE14BCCFAC9D5E97CD810E3A038887419BA4AB1FB1F1776D308CDCA89F4AB27B693C723BBB171AC4CE1FA9944ED59D501681F513D47A9C2694AB9F1B5AB418AE738E8EC6F8ABB75CEC00191E8D0AEDF6CF57A8BFE408DA68DEFED1DBAB819DA7AAC680C0FB0584BAD398E946052E5FC5E66F3AE79B7
20150525213123 2 6 100 2047 2 EF0DFBDF71AF125C61EB8559466375E96A7596A52FADF26FF25C78EEFA9BC68B367AE92D4F1E45B9BF9FB6808EDADD610420B78BFB7BBF078F7D70BC893FE258FFCB3FE0F2A4B63E537C713710233ADA2DCAE8456877AB75C8255D0F08C71DA0EE05E772306166940D5898EB10C7B4B78CF7A2B894943DD2ECC2880C60ABD20CEED4773F9223A8C773F31BE14BCCFAC9D5E97CD810E3A038887419BA4AB1FB1F1776D308CDCA89F4AB27B693C723BBB171AC4CE1FA9944ED59D501681F513D47A9C2694AB9F1B5AB418AE738E8EC6F8ABB75CEC00191E8D0AEDF6CF57A8BFE408DA68DEFED1DBAB819DA7AAC680C0FB0584BAD398E946052E5FC5E66F3B753CB
20150525213137 2 6 100 2047 2 EF0DFBDF71AF125C61EB8559466375E96A7596A52FADF26FF25C78EEFA9BC68B367AE92D4F1E45B9BF9FB6808EDADD610420B78BFB7BBF078F7D70BC893FE258FFCB3FE0F2A4B63E537C713710233ADA2DCAE8456877AB75C8255D0F08C71DA0EE05E772306166940D5898EB10C7B4B78CF7A2B894943DD2ECC2880C60ABD20CEED4773F9223A8C773F31BE14BCCFAC9D5E97CD810E3A038887419BA4AB1FB1F1776D308CDCA89F4AB27B693C723BBB171AC4CE1FA9944ED59D501681F513D47A9C2694AB9F1B5AB418AE738E8EC6F8ABB75CEC00191E8D0AEDF6CF57A8BFE408DA68DEFED1DBAB819DA7AAC680C0FB0584BAD398E946052E5FC5E66F434645B
20150525213144 2 6 100 2047 5 EF0DFBDF71AF125C61EB8559466375E96A7596A52FADF26FF25C78EEFA9BC68B367AE92D4F1E45B9BF9FB6808EDADD610420B78BFB7BBF078F7D70BC893FE258FFCB3FE0F2A4B63E537C713710233ADA2DCAE8456877AB75C8255D0F08C71DA0EE05E772306166940D5898EB10C7B4B78CF7A2B894943DD2ECC2880C60ABD20CEED4773F9223A8C773F31BE14BCCFAC9D5E97CD810E3A038887419BA4AB1FB1F1776D308CDCA89F4AB27B693C723BBB171AC4CE1FA9944ED59D501681F513D47A9C2694AB9F1B5AB418AE738E8EC6F8ABB75CEC00191E8D0AEDF6CF57A8BFE408DA68DEFED1DBAB819DA7AAC680C0FB0584BAD398E946052E5FC5E66F47395B7
20150525213146 2 6 100 2047 2 EF0DFBDF71AF125C61EB8559466375E96A7596A52FADF26FF25C78EEFA9BC68B367AE92D4F1E45B9BF9FB6808EDADD610420B78BFB7BBF078F7D70BC893FE258FFCB3FE0F2A4B63E537C713710233ADA2DCAE8456877AB75C8255D0F08C71DA0EE05E772306166940D5898EB10C7B4B78CF7A2B894943DD2ECC2880C60ABD20CEED4773F9223A8C773F31BE14BCCFAC9D5E97CD810E3A038887419BA4AB1FB1F1776D308CDCA89F4AB27B693C723BBB171AC4CE1FA9944ED59D501681F513D47A9C2694AB9F1B5AB418AE738E8EC6F8ABB75CEC00191E8D0AEDF6CF57A8BFE408DA68DEFED1DBAB819DA7AAC680C0FB0584BAD398E946052E5FC5E66F47CDEFB
20150525213212 2 6 100 2047 2 EF0DFBDF71AF125C61EB8559466375E96A7596A52FADF26FF25C78EEFA9BC68B367AE92D4F1E45B9BF9FB6808EDADD610420B78BFB7BBF078F7D70BC893FE258FFCB3FE0F2A4B63E537C713710233ADA2DCAE8456877AB75C8255D0F08C71DA0EE05E772306166940D5898EB10C7B4B78CF7A2B894943DD2ECC2880C60ABD20CEED4773F9223A8C773F31BE14BCCFAC9D5E97CD810E3A038887419BA4AB1FB1F1776D308CDCA89F4AB27B693C723BBB171AC4CE1FA9944ED59D501681F513D47A9C2694AB9F1B5AB418AE738E8EC6F8ABB75CEC00191E8D0AEDF6CF57A8BFE408DA68DEFED1DBAB819DA7AAC680C0FB0584BAD398E946052E5FC5E66F564293B
20150525213215 2 6 100 2047 2 EF0DFBDF71AF125C61EB8559466375E96A7596A52FADF26FF25C78EEFA9BC68B367AE92D4F1E45B9BF9FB6808EDADD610420B78BFB7BBF078F7D70BC893FE258FFCB3FE0F2A4B63E537C713710233ADA2DCAE8456877AB75C8255D0F08C71DA0EE05E772306166940D5898EB10C7B4B78CF7A2B894943DD2ECC2880C60ABD20CEED4773F9223A8C773F31BE14BCCFAC9D5E97CD810E3A038887419BA4AB1FB1F1776D308CDCA89F4AB27B693C723BBB171AC4CE1FA9944ED59D501681F513D47A9C2694AB9F1B5AB418AE738E8EC6F8ABB75CEC00191E8D0AEDF6CF57A8BFE408DA68DEFED1DBAB819DA7AAC680C0FB0584BAD398E946052E5FC5E66F57B1763
20150525213226 2 6 100 2047 2 EF0DFBDF71AF125C61EB8559466375E96A7596A52FADF26FF25C78EEFA9BC68B367AE92D4F1E45B9BF9FB6808EDADD610420B78BFB7BBF078F7D70BC893FE258FFCB3FE0F2A4B63E537C713710233ADA2DCAE8456877AB75C8255D0F08C71DA0EE05E772306166940D5898EB10C7B4B78CF7A2B894943DD2ECC2880C60ABD20CEED4773F9223A8C773F31BE14BCCFAC9D5E97CD810E3A038887419BA4AB1FB1F1776D308CDCA89F4AB27B693C723BBB171AC4CE1FA9944ED59D501681F513D47A9C2694AB9F1B5AB418AE738E8EC6F8ABB75CEC00191E8D0AEDF6CF57A8BFE408DA68DEFED1DBAB819DA7AAC680C0FB0584BAD398E946052E5FC5E66F5DC4033
