20160423153634 2 6 100 2047 2 C35A0516FF84CFDAA4C6B3A38F33EF330F8E46B1D6FEA0AC852828BD8F87A5F0C468FE820F40EAD2ED88DD80FD5BB5CFE548CED0E68A94749AC6390D35C90A645F050B801714211AD09696B8C2792E5F5EE9BE87934EAF23BCF0B65EE0AB4D61830889DE8376E7F293AF07DE42247815D53304D6DDDEEBE1EB44EA951DB4A1B798ECAB79DF6F2B317648F0E97D89EC9E07ADC4C2F1739D17F3C151E32D893B7ADC403D8ADFE3B1F16771A713B48D87F6BAA24AA26F9D897F564F9DB0594A14BDFA9D6CB6B8C6C1D9224B82E3CFD3D7DF2ED56EA8CE1B94DF4D2DB12E8C101B7FB560D70D30994BC8AC0046D87942ECE121324A22A4B24B461F0CCC4492A3C163
20160423153651 2 6 100 2047 5 C35A0516FF84CFDAA4C6B3A38F33EF330F8E46B1D6FEA0AC852828BD8F87A5F0C468FE820F40EAD2ED88DD80FD5BB5CFE548CED0E68A94749AC6390D35C90A645F050B801714211AD09696B8C2792E5F5EE9BE87934EAF23BCF0B65EE0AB4D61830889DE8376E7F293AF07DE42247815D53304D6DDDEEBE1EB44EA951DB4A1B798ECAB79DF6F2B317648F0E97D89EC9E07ADC4C2F1739D17F3C151E32D893B7ADC403D8ADFE3B1F16771A713B48D87F6BAA24AA26F9D897F564F9DB0594A14BDFA9D6CB6B8C6C1D9224B82E3CFD3D7DF2ED56EA8CE1B94DF4D2DB12E8C101B7FB560D70D30994BC8AC0046D87942ECE121324A22A4B24B461F0CCC44934E703F
20160423153652 2 6 100 2047 5 C35A0516FF84CFDAA4C6B3A38F33EF330F8E46B1D6FEA0AC852828BD8F87A5F0C468FE820F40EAD2ED88DD80FD5BB5CFE548CED0E68A94749AC6390D35C90A645F050B801714211AD09696B8C2792E5F5EE9BE87934EAF23BCF0B65EE0AB4D61830889DE8376E7F293AF07DE42247815D53304D6DDDEEBE1EB44EA951DB4A1B798ECAB79DF6F2B317648F0E97D89EC9E07ADC4C2F1739D17F3C151E32D893B7ADC403D8ADFE3B1F16771A713B48D87F6BAA24AA26F9D897F564F9DB0594A14BDFA9D6CB6B8C6C1D9224B82E3CFD3D7DF2ED56EA8CE1B94DF4D2DB12E8C101B7FB560D70D30994BC8AC0046D87942ECE121324A22A4B24B461F0CCC4493512C2F
20160423153653 2 6 100 2047 2 C35A0516FF84CFDAA4C6B3A38F33EF330F8E46B1D6FEA0AC852828BD8F87A5F0C468FE820F40EAD2ED88DD80FD5BB5CFE548CED0E68A94749AC6390D35C90A645F050B801714211AD09696B8C2792E5F5EE9BE87934EAF23BCF0B65EE0AB4D61830889DE8376E7F293AF07DE42247815D53304D6DDDEEBE1EB44EA951DB4A1B798ECAB79DF6F2B317648F0E97D89EC9E07ADC4C2F1739D17F3C151E32D893B7ADC403D8ADFE3B1F16771A713B48D87F6BAA24AA26F9D897F564F9DB0594A14BDFA9D6CB6B8C6C1D9224B82E3CFD3D7DF2ED56EA8CE1B94DF4D2DB12E8C101B7FB560D70D30994BC8AC0046D87942ECE121324A22A4B24B461F0CCC449353546B
20160423153705 2 6 100 2047 2 C35A0516FF84CFDAA4C6B3A38F33EF330F8E46B1D6FEA0AC852828BD8F87A5F0C468FE820F40EAD2ED88DD80FD5BB5CFE548CED0E68A94749AC6390D35C90A645F050B801714211AD09696B8C2792E5F5EE9BE87934EAF23BCF0B65EE0AB4D61830889DE8376E7F293AF07DE42247815D53304D6DDDEEBE1EB44EA951DB4A1B798ECAB79DF6F2B317648F0E97D89EC9E07ADC4C2F1739D17F3C151E32D893B7ADC403D8ADFE3B1F16771A713B48D87F6BAA24AA26F9D897F564F9DB0594A14BDFA9D6CB6B8C6C1D9224B82E3CFD3D7DF2ED56EA8CE1B94DF4D2DB12E8C101B7FB560D70D30994BC8AC0046D87942ECE121324A22A4B24B461F0CCC4493CB7F8B
20160423153706 2 6 100 2047 2 C35A0516FF84CFDAA4C6B3A38F33EF330F8E46B1D6FEA0AC852828BD8F87A5F0C468FE820F40EAD2ED88DD80FD5BB5CFE548CED0E68A94749AC6390D35C90A645F050B801714211AD09696B8C2792E5F5EE9BE87934EAF23BCF0B65EE0AB4D61830889DE8376E7F293AF07DE42247815D53304D6DDDEEBE1EB44EA951DB4A1B798ECAB79DF6F2B317648F0E97D89EC9E07ADC4C2F1739D17F3C151E32D893B7ADC403D8ADFE3B1F16771A713B48D87F6BAA24AA26F9D897F564F9DB0594A14BDFA9D6CB6B8C6C1D9224B82E3CFD3D7DF2ED56EA8CE1B94DF4D2DB12E8C101B7FB560D70D30994BC8AC0046D87942ECE121324A22A4B24B461F0CCC4493CBF72B
20160423153707 2 6 100 2047 5 C35A0516FF84CFDAA4C6B3A38F33EF330F8E46B1D6FEA0AC852828BD8F87A5F0C468FE820F40EAD2ED88DD80FD5BB5CFE548CED0E68A94749AC6390D35C90A645F050B801714211AD09696B8C2792E5F5EE9BE87934EAF23BCF0B65EE0AB4D61830889DE8376E7F293AF07DE42247815D53304D6DDDEEBE1EB44EA951DB4A1B798ECAB79DF6F2B317648F0E97D89EC9E07ADC4C2F1739D17F3C151E32D893B7ADC403D8ADFE3B1F16771A713B48D87F6BAA24AA26F9D897F564F9DB0594A14BDFA9D6CB6B8C6C1D9224B82E3CFD3D7DF2ED56EA8CE1B94DF4D2DB12E8C101B7FB560D70D30994BC8AC0046D87942ECE121324A22A4B24B461F0CCC4493CFAD8F
20160423153717 2 6 100 2047 2 C35A0516FF84CFDAA4C6B3A38F33EF330F8E46B1D6FEA0AC852828BD8F87A5F0C468FE820F40EAD2ED88DD80FD5BB5CFE548CED0E68A94749AC6390D35C90A645F050B801714211AD09696B8C2792E5F5EE9BE87934EAF23BCF0B65EE0AB4D61830889DE8376E7F293AF07DE42247815D53304D6DDDEEBE1EB44EA951DB4A1B798ECAB79DF6F2B317648F0E97D89EC9E07ADC4C2F1739D17F3C151E32D893B7ADC403D8ADFE3B1F16771A713B48D87F6BAA24AA26F9D897F564F9DB0594A14BDFA9D6CB6B8C6C1D9224B82E3CFD3D7DF2ED56EA8CE1B94DF4D2DB12E8C101B7FB560D70D30994BC8AC0046D87942ECE121324A22A4B24B461F0CCC4494268D43
20160423153719 2 6 100 2047 2 C35A0516FF84CFDAA4C6B3A38F33EF330F8E46B1D6FEA0AC852828BD8F87A5F0C468FE820F40EAD2ED88DD80FD5BB5CFE548CED0E68A94749AC6390D35C90A645F050B801714211AD09696B8C2792E5F5EE9BE87934EAF23BCF0B65EE0AB4D61830889DE8376E7F293AF07DE42247815D53304D6DDDEEBE1EB44EA951DB4A1B798ECAB79DF6F2B317648F0E97D89EC9E07ADC4C2F1739D17F3C151E32D893B7ADC403D8ADFE3B1F16771A713B48D87F6BAA24AA26F9D897F564F9DB0594A14BDFA9D6CB6B8C6C1D9224B82E3CFD3D7DF2ED56EA8CE1B94DF4D2DB12E8C101B7FB560D70D30994BC8AC0046D87942ECE121324A22A4B24B461F0CCC44943C69F3
20160423153723 2 6 100 2047 2 C35A0516FF84CFDAA4C6B3A38F33EF330F8E46B1D6FEA0AC852828BD8F87A5F0C468FE820F40EAD2ED88DD80FD5BB5CFE548CED0E68A94749AC6390D35C90A645F050B801714211AD09696B8C2792E5F5EE9BE87934EAF23BCF0B65EE0AB4D61830889DE8376E7F293AF07DE42247815D53304D6DDDEEBE1EB44EA951DB4A1B798ECAB79DF6F2B317648F0E97D89EC9E07ADC4C2F1739D17F3C151E32D893B7ADC403D8ADFE3B1F16771A713B48D87F6BAA24AA26F9D897F564F9DB0594A14BDFA9D6CB6B8C6C1D9224B82E3CFD3D7DF2ED56EA8CE1B94DF4D2DB12E8C101B7FB560D70D30994BC8AC0046D87942ECE121324A22A4B24B461F0CCC4494556353
20160423153730 2 6 100 2047 2 C35A0516FF84CFDAA4C6B3A38F33EF330F8E46B1D6FEA0AC852828BD8F87A5F0C468FE820F40EAD2ED88DD80FD5BB5CFE548CED0E68A94749AC6390D35C90A645F050B801714211AD09696B8C2792E5F5EE9BE87934EAF23BCF0B65EE0AB4D61830889DE8376E7F293AF07DE42247815D53304D6DDDEEBE1EB44EA951DB4A1B798ECAB79DF6F2B317648F0E97D89EC9E07ADC4C2F1739D17F3C151E32D893B7ADC403D8ADFE3B1F16771A713B48D87F6BAA24AA26F9D897F564F9DB0594A14BDFA9D6CB6B8C6C1D9224B82E3CFD3D7DF2ED56EA8CE1B94DF4D2DB12E8C101B7FB560D70D30994BC8AC0046D87942ECE121324A22A4B24B461F0CCC44949964CB
20160423153733 2 6 100 2047 5 C35A0516FF84CFDAA4C6B3A38F33EF330F8E46B1D6FEA0AC852828BD8F87A5F0C468FE820F40EAD2ED88DD80FD5BB5CFE548CED0E68A94749AC6390D35C90A645F050B801714211AD09696B8C2792E5F5EE9BE87934EAF23BCF0B65EE0AB4D61830889DE8376E7F293AF07DE42247815D53304D6DDDEEBE1EB44EA951DB4A1B798ECAB79DF6F2B317648F0E97D89EC9E07ADC4C2F1739D17F3C151E32D893B7ADC403D8ADFE3B1F16771A713B48D87F6BAA24AA26F9D897F564F9DB0594A14BDFA9D6CB6B8C6C1D9224B82E3CFD3D7DF2ED56EA8CE1B94DF4D2DB12E8C101B7FB560D70D30994BC8AC0046D87942ECE121324A22A4B24B461F0CCC4494ABDA67
20160423153738 2 6 100 2047 2 C35A0516FF84CFDAA4C6B3A38F33EF330F8E46B1D6FEA0AC852828BD8F87A5F0C468FE820F40EAD2ED88DD80FD5BB5CFE548CED0E68A94749AC6390D35C90A645F050B801714211AD09696B8C2792E5F5EE9BE87934EAF23BCF0B65EE0AB4D61830889DE8376E7F293AF07DE42247815D53304D6DDDEEBE1EB44EA951DB4A1B798ECAB79DF6F2B317648F0E97D89EC9E07ADC4C2F1739D17F3C151E32D893B7ADC403D8ADFE3B1F16771A713B48D87F6BAA24AA26F9D897F564F9DB0594A14BDFA9D6CB6B8C6C1D9224B82E3CFD3D7DF2ED56EA8CE1B94DF4D2DB12E8C101B7FB560D70D30994BC8AC0046D87942ECE121324A22A4B24B461F0CCC4494D4BDBB
20160423153740 2 6 100 2047 5 C35A0516FF84CFDAA4C6B3A38F33EF330F8E46B1D6FEA0AC852828BD8F87A5F0C468FE820F40EAD2ED88DD80FD5BB5CFE548CED0E68A94749AC6390D35C90A645F050B801714211AD09696B8C2792E5F5EE9BE87934EAF23BCF0B65EE0AB4D61830889DE8376E7F293AF07DE42247815D53304D6DDDEEBE1EB44EA951DB4A1B798ECAB79DF6F2B317648F0E97D89EC9E07ADC4C2F1739D17F3C151E32D893B7ADC403D8ADFE3B1F16771A713B48D87F6BAA24AA26F9D897F564F9DB0594A14BDFA9D6CB6B8C6C1D9224B82E3CFD3D7DF2ED56EA8CE1B94DF4D2DB12E8C101B7FB560D70D30994BC8AC0046D87942ECE121324A22A4B24B461F0CCC4494E124E7
20160423153748 2 6 100 2047 5 C35A0516FF84CFDAA4C6B3A38F33EF330F8E46B1D6FEA0AC852828BD8F87A5F0C468FE820F40EAD2ED88DD80FD5BB5CFE548CED0E68A94749AC6390D35C90A645F050B801714211AD09696B8C2792E5F5EE9BE87934EAF23BCF0B65EE0AB4D61830889DE8376E7F293AF07DE42247815D53304D6DDDEEBE1EB44EA951DB4A1B798ECAB79DF6F2B317648F0E97D89EC9E07ADC4C2F1739D17F3C151E32D893B7ADC403D8ADFE3B1F16771A713B48D87F6BAA24AA26F9D897F564F9DB0594A14BDFA9D6CB6B8C6C1D9224B82E3CFD3D7DF2ED56EA8CE1B94DF4D2DB12E8C101B7FB560D70D30994BC8AC0046D87942ECE121324A22A4B24B461F0CCC4495335DA7
20160423153756 2 6 100 2047 2 C35A0516FF84CFDAA4C6B3A38F33EF330F8E46B1D6FEA0AC852828BD8F87A5F0C468FE820F40EAD2ED88DD80FD5BB5CFE548CED0E68A94749AC6390D35C90A645F050B801714211AD09696B8C2792E5F5EE9BE87934EAF23BCF0B65EE0AB4D61830889DE8376E7F293AF07DE42247815D53304D6DDDEEBE1EB44EA951DB4A1B798ECAB79DF6F2B317648F0E97D89EC9E07ADC4C2F1739D17F3C151E32D893B7ADC403D8ADFE3B1F16771A713B48D87F6BAA24AA26F9D897F564F9DB0594A14BDFA9D6CB6B8C6C1D9224B82E3CFD3D7DF2ED56EA8CE1B94DF4D2DB12E8C101B7FB560D70D30994BC8AC0046D87942ECE121324A22A4B24B461F0CCC44957B07BB
20160423153758 2 6 100 2047 5 C35A0516FF84CFDAA4C6B3A38F33EF330F8E46B1D6FEA0AC852828BD8F87A5F0C468FE820F40EAD2ED88DD80FD5BB5CFE548CED0E68A94749AC6390D35C90A645F050B801714211AD09696B8C2792E5F5EE9BE87934EAF23BCF0B65EE0AB4D61830889DE8376E7F293AF07DE42247815D53304D6DDDEEBE1EB44EA951DB4A1B798ECAB79DF6F2B317648F0E97D89EC9E07ADC4C2F1739D17F3C151E32D893B7ADC403D8ADFE3B1F16771A713B48D87F6BAA24AA26F9D897F564F9DB0594A14BDFA9D6CB6B8C6C1D9224B82E3CFD3D7DF2ED56EA8CE1B94DF4D2DB12E8C101B7FB560D70D30994BC8AC0046D87942ECE121324A22A4B24B461F0CCC4495892BBF
20160423153803 2 6 100 2047 2 C35A0516FF84CFDAA4C6B3A38F33EF330F8E46B1D6FEA0AC852828BD8F87A5F0C468FE820F40EAD2ED88DD80FD5BB5CFE548CED0E68A94749AC6390D35C90A645F050B801714211AD09696B8C2792E5F5EE9BE87934EAF23BCF0B65EE0AB4D61830889DE8376E7F293AF07DE42247815D53304D6DDDEEBE1EB44EA951DB4A1B798ECAB79DF6F2B317648F0E97D89EC9E07ADC4C2F1739D17F3C151E32D893B7ADC403D8ADFE3B1F16771A713B48D87F6BAA24AA26F9D897F564F9DB0594A14BDFA9D6CB6B8C6C1D9224B82E3CFD3D7DF2ED56EA8CE1B94DF4D2DB12E8C101B7FB560D70D30994BC8AC0046D87942ECE121324A22A4B24B461F0CCC4495B262FB
20160423153806 2 6 100 2047 5 C35A0516FF84CFDAA4C6B3A38F33EF330F8E46B1D6FEA0AC852828BD8F87A5F0C468FE820F40EAD2ED88DD80FD5BB5CFE548CED0E68A94749AC6390D35C90A645F050B801714211AD09696B8C2792E5F5EE9BE87934EAF23BCF0B65EE0AB4D61830889DE8376E7F293AF07DE42247815D53304D6DDDEEBE1EB44EA951DB4A1B798ECAB79DF6F2B317648F0E97D89EC9E07ADC4C2F1739D17F3C151E32D893B7ADC403D8ADFE3B1F16771A713B48D87F6BAA24AA26F9D897F564F9DB0594A14BDFA9D6CB6B8C6C1D9224B82E3CFD3D7DF2ED56EA8CE1B94DF4D2DB12E8C101B7FB560D70D30994BC8AC0046D87942ECE121324A22A4B24B461F0CCC4495C2390F
20160423153807 2 6 100 2047 2 C35A0516FF84CFDAA4C6B3A38F33EF330F8E46B1D6FEA0AC852828BD8F87A5F0C468FE820F40EAD2ED88DD80FD5BB5CFE548CED0E68A94749AC6390D35C90A645F050B801714211AD09696B8C2792E5F5EE9BE87934EAF23BCF0B65EE0AB4D61830889DE8376E7F293AF07DE42247815D53304D6DDDEEBE1EB44EA951DB4A1B798ECAB79DF6F2B317648F0E97D89EC9E07ADC4C2F1739D17F3C151E32D893B7ADC403D8ADFE3B1F16771A713B48D87F6BAA24AA26F9D897F564F9DB0594A14BDFA9D6CB6B8C6C1D9224B82E3CFD3D7DF2ED56EA8CE1B94DF4D2DB12E8C101B7FB560D70D30994BC8AC0046D87942ECE121324A22A4B24B461F0CCC4495C53E5B
20160423153810 2 6 100 2047 2 C35A0516FF84CFDAA4C6B3A38F33EF330F8E46B1D6FEA0AC852828BD8F87A5F0C468FE820F40EAD2ED88DD80FD5BB5CFE548CED0E68A94749AC6390D35C90A645F050B801714211AD09696B8C2792E5F5EE9BE87934EAF23BCF0B65EE0AB4D61830889DE8376E7F293AF07DE42247815D53304D6DDDEEBE1EB44EA951DB4A1B798ECAB79DF6F2B317648F0E97D89EC9E07ADC4C2F1739D17F3C151E32D893B7ADC403D8ADFE3B1F16771A713B48D87F6BAA24AA26F9D897F564F9DB0594A14BDFA9D6CB6B8C6C1D9224B82E3CFD3D7DF2ED56EA8CE1B94DF4D2DB12E8C101B7FB560D70D30994BC8AC0046D87942ECE121324A22A4B24B461F0CCC4495DC78EB
20160423153821 2 6 100 2047 2 C35A0516FF84CFDAA4C6B3A38F33EF330F8E46B1D6FEA0AC852828BD8F87A5F0C468FE820F40EAD2ED88DD80FD5BB5CFE548CED0E68A94749AC6390D35C90A645F050B801714211AD09696B8C2792E5F5EE9BE87934EAF23BCF0B65EE0AB4D61830889DE8376E7F293AF07DE42247815D53304D6DDDEEBE1EB44EA951DB4A1B798ECAB79DF6F2B317648F0E97D89EC9E07ADC4C2F1739D17F3C151E32D893B7ADC403D8ADFE3B1F16771A713B48D87F6BAA24AA26F9D897F564F9DB0594A14BDFA9D6CB6B8C6C1D9224B82E3CFD3D7DF2ED56EA8CE1B94DF4D2DB12E8C101B7FB560D70D30994BC8AC0046D87942ECE121324A22A4B24B461F0CCC44964721FB
20160423153831 2 6 100 2047 2 C35A0516FF84CFDAA4C6B3A38F33EF330F8E46B1D6FEA0AC852828BD8F87A5F0C468FE820F40EAD2ED88DD80FD5BB5CFE548CED0E68A94749AC6390D35C90A645F050B801714211AD09696B8C2792E5F5EE9BE87934EAF23BCF0B65EE0AB4D61830889DE8376E7F293AF07DE42247815D53304D6DDDEEBE1EB44EA951DB4A1B798ECAB79DF6F2B317648F0E97D89EC9E07ADC4C2F1739D17F3C151E32D893B7ADC403D8ADFE3B1F16771A713B48D87F6BAA24AA26F9D897F564F9DB0594A14BDFA9D6CB6B8C6C1D9224B82E3CFD3D7DF2ED56EA8CE1B94DF4D2DB12E8C101B7FB560D70D30994BC8AC0046D87942ECE121324A22A4B24B461F0CCC4496AE7783
20160423153833 2 6 100 2047 5 C35A0516FF84CFDAA4C6B3A38F33EF330F8E46B1D6FEA0AC852828BD8F87A5F0C468FE820F40EAD2ED88DD80FD5BB5CFE548CED0E68A94749AC6390D35C90A645F050B801714211AD09696B8C2792E5F5EE9BE87934EAF23BCF0B65EE0AB4D61830889DE8376E7F293AF07DE42247815D53304D6DDDEEBE1EB44EA951DB4A1B798ECAB79DF6F2B317648F0E97D89EC9E07ADC4C2F1739D17F3C151E32D893B7ADC403D8ADFE3B1F16771A713B48D87F6BAA24AA26F9D897F564F9DB0594A14BDFA9D6CB6B8C6C1D9224B82E3CFD3D7DF2ED56EA8CE1B94DF4D2DB12E8C101B7FB560D70D30994BC8AC0046D87942ECE121324A22A4B24B461F0CCC4496B88FF7
20160423153839 2 6 100 2047 2 C35A0516FF84CFDAA4C6B3A38F33EF330F8E46B1D6FEA0AC852828BD8F87A5F0C468FE820F40EAD2ED88DD80FD5BB5CFE548CED0E68A94749AC6390D35C90A645F050B801714211AD09696B8C2792E5F5EE9BE87934EAF23BCF0B65EE0AB4D61830889DE8376E7F293AF07DE42247815D53304D6DDDEEBE1EB44EA951DB4A1B798ECAB79DF6F2B317648F0E97D89EC9E07ADC4C2F1739D17F3C151E32D893B7ADC403D8ADFE3B1F16771A713B48D87F6BAA24AA26F9D897F564F9DB0594A14BDFA9D6CB6B8C6C1D9224B82E3CFD3D7DF2ED56EA8CE1B94DF4D2DB12E8C101B7FB560D70D30994BC8AC0046D87942ECE121324A22A4B24B461F0CCC4496F017CB
20160423153907 2 6 100 2047 5 C35A0516FF84CFDAA4C6B3A38F33EF330F8E46B1D6FEA0AC852828BD8F87A5F0C468FE820F40EAD2ED88DD80FD5BB5CFE548CED0E68A94749AC6390D35C90A645F050B801714211AD09696B8C2792E5F5EE9BE87934EAF23BCF0B65EE0AB4D61830889DE8376E7F293AF07DE42247815D53304D6DDDEEBE1EB44EA951DB4A1B798ECAB79DF6F2B317648F0E97D89EC9E07ADC4C2F1739D17F3C151E32D893B7ADC403D8ADFE3B1F16771A713B48D87F6BAA24AA26F9D897F564F9DB0594A14BDFA9D6CB6B8C6C1D9224B82E3CFD3D7DF2ED56EA8CE1B94DF4D2DB12E8C101B7FB560D70D30994BC8AC0046D87942ECE121324A22A4B24B461F0CCC44980904C7
20160423153912 2 6 100 2047 2 C35A0516FF84CFDAA4C6B3A38F33EF330F8E46B1D6FEA0AC852828BD8F87A5F0C468FE820F40EAD2ED88DD80FD5BB5CFE548CED0E68A94749AC6390D35C90A645F050B801714211AD09696B8C2792E5F5EE9BE87934EAF23BCF0B65EE0AB4D61830889DE8376E7F293AF07DE42247815D53304D6DDDEEBE1EB44EA951DB4A1B798ECAB79DF6F2B317648F0E97D89EC9E07ADC4C2F1739D17F3C151E32D893B7ADC403D8ADFE3B1F16771A713B48D87F6BAA24AA26F9D897F564F9DB0594A14BDFA9D6CB6B8C6C1D9224B82E3CFD3D7DF2ED56EA8CE1B94DF4D2DB12E8C101B7FB560D70D30994BC8AC0046D87942ECE121324A22A4B24B461F0CCC44982FCFC3
20160423153924 2 6 100 2047 5 C35A0516FF84CFDAA4C6B3A38F33EF330F8E46B1D6FEA0AC852828BD8F87A5F0C468FE820F40EAD2ED88DD80FD5BB5CFE548CED0E68A94749AC6390D35C90A645F050B801714211AD09696B8C2792E5F5EE9BE87934EAF23BCF0B65EE0AB4D61830889DE8376E7F293AF07DE42247815D53304D6DDDEEBE1EB44EA951DB4A1B798ECAB79DF6F2B317648F0E97D89EC9E07ADC4C2F1739D17F3C151E32D893B7ADC403D8ADFE3B1F16771A713B48D87F6BAA24AA26F9D897F564F9DB0594A14BDFA9D6CB6B8C6C1D9224B82E3CFD3D7DF2ED56EA8CE1B94DF4D2DB12E8C101B7FB560D70D30994BC8AC0046D87942ECE121324A22A4B24B461F0CCC4498A1B997
20160423153929 2 6 100 2047 2 C35A0516FF84CFDAA4C6B3A38F33EF330F8E46B1D6FEA0AC852828BD8F87A5F0C468FE820F40EAD2ED88DD80FD5BB5CFE548CED0E68A94749AC6390D35C90A645F050B801714211AD09696B8C2792E5F5EE9BE87934EAF23BCF0B65EE0AB4D61830889DE8376E7F293AF07DE42247815D53304D6DDDEEBE1EB44EA951DB4A1B798ECAB79DF6F2B317648F0E97D89EC9E07ADC4C2F1739D17F3C151E32D893B7ADC403D8ADFE3B1F16771A713B48D87F6BAA24AA26F9D897F564F9DB0594A14BDFA9D6CB6B8C6C1D9224B82E3CFD3D7DF2ED56EA8CE1B94DF4D2DB12E8C101B7FB560D70D30994BC8AC0046D87942ECE121324A22A4B24B461F0CCC4498CF5CF3
20160423153937 2 6 100 2047 5 C35A0516FF84CFDAA4C6B3A38F33EF330F8E46B1D6FEA0AC852828BD8F87A5F0C468FE820F40EAD2ED88DD80FD5BB5CFE548CED0E68A94749AC6390D35C90A645F050B801714211AD09696B8C2792E5F5EE9BE87934EAF23BCF0B65EE0AB4D61830889DE8376E7F293AF07DE42247815D53304D6DDDEEBE1EB44EA951DB4A1B798ECAB79DF6F2B317648F0E97D89EC9E07ADC4C2F1739D17F3C151E32D893B7ADC403D8ADFE3B1F16771A713B48D87F6BAA24AA26F9D897F564F9DB0594A14BDFA9D6CB6B8C6C1D9224B82E3CFD3D7DF2ED56EA8CE1B94DF4D2DB12E8C101B7FB560D70D30994BC8AC0046D87942ECE121324A22A4B24B461F0CCC44991528FF
20160423153943 2 6 100 2047 2 C35A0516FF84CFDAA4C6B3A38F33EF330F8E46B1D6FEA0AC852828BD8F87A5F0C468FE820F40EAD2ED88DD80FD5BB5CFE548CED0E68A94749AC6390D35C90A645F050B801714211AD09696B8C2792E5F5EE9BE87934EAF23BCF0B65EE0AB4D61830889DE8376E7F293AF07DE42247815D53304D6DDDEEBE1EB44EA951DB4A1B798ECAB79DF6F2B317648F0E97D89EC9E07ADC4C2F1739D17F3C151E32D893B7ADC403D8ADFE3B1F16771A713B48D87F6BAA24AA26F9D897F564F9DB0594A14BDFA9D6CB6B8C6C1D9224B82E3CFD3D7DF2ED56EA8CE1B94DF4D2DB12E8C101B7FB560D70D30994BC8AC0046D87942ECE121324A22A4B24B461F0CCC44994DD493
20160423153945 2 6 100 2047 2 C35A0516FF84CFDAA4C6B3A38F33EF330F8E46B1D6FEA0AC852828BD8F87A5F0C468FE820F40EAD2ED88DD80FD5BB5CFE548CED0E68A94749AC6390D35C90A645F050B801714211AD09696B8C2792E5F5EE9BE87934EAF23BCF0B65EE0AB4D61830889DE8376E7F293AF07DE42247815D53304D6DDDEEBE1EB44EA951DB4A1B798ECAB79DF6F2B317648F0E97D89EC9E07ADC4C2F1739D17F3C151E32D893B7ADC403D8ADFE3B1F16771A713B48D87F6BAA24AA26F9D897F564F9DB0594A14BDFA9D6CB6B8C6C1D9224B82E3CFD3D7DF2ED56EA8CE1B94DF4D2DB12E8C101B7FB560D70D30994BC8AC0046D87942ECE121324A22A4B24B461F0CCC449956DDAB
20160423153946 2 6 100 2047 5 C35A0516FF84CFDAA4C6B3A38F33EF330F8E46B1D6FEA0AC852828BD8F87A5F0C468FE820F40EAD2ED88DD80FD5BB5CFE548CED0E68A94749AC6390D35C90A645F050B801714211AD09696B8C2792E5F5EE9BE87934EAF23BCF0B65EE0AB4D61830889DE8376E7F293AF07DE42247815D53304D6DDDEEBE1EB44EA951DB4A1B798ECAB79DF6F2B317648F0E97D89EC9E07ADC4C2F1739D17F3C151E32D893B7ADC403D8ADFE3B1F16771A713B48D87F6BAA24AA26F9D897F564F9DB0594A14BDFA9D6CB6B8C6C1D9224B82E3CFD3D7DF2ED56EA8CE1B94DF4D2DB12E8C101B7FB560D70D30994BC8AC0046D87942ECE121324A22A4B24B461F0CCC4499584167
20160423153957 2 6 100 2047 2 C35A0516FF84CFDAA4C6B3A38F33EF330F8E46B1D6FEA0AC852828BD8F87A5F0C468FE820F40EAD2ED88DD80FD5BB5CFE548CED0E68A94749AC6390D35C90A645F050B801714211AD09696B8C2792E5F5EE9BE87934EAF23BCF0B65EE0AB4D61830889DE8376E7F293AF07DE42247815D53304D6DDDEEBE1EB44EA951DB4A1B798ECAB79DF6F2B317648F0E97D89EC9E07ADC4C2F1739D17F3C151E32D893B7ADC403D8ADFE3B1F16771A713B48D87F6BAA24AA26F9D897F564F9DB0594A14BDFA9D6CB6B8C6C1D9224B82E3CFD3D7DF2ED56EA8CE1B94DF4D2DB12E8C101B7FB560D70D30994BC8AC0046D87942ECE121324A22A4B24B461F0CCC4499C23C53
20160423154010 2 6 100 2047 2 C35A0516FF84CFDAA4C6B3A38F33EF330F8E46B1D6FEA0AC852828BD8F87A5F0C468FE820F40EAD2ED88DD80FD5BB5CFE548CED0E68A94749AC6390D35C90A645F050B801714211AD09696B8C2792E5F5EE9BE87934EAF23BCF0B65EE0AB4D61830889DE8376E7F293AF07DE42247815D53304D6DDDEEBE1EB44EA951DB4A1B798ECAB79DF6F2B317648F0E97D89EC9E07ADC4C2F1739D17F3C151E32D893B7ADC403D8ADFE3B1F16771A713B48D87F6BAA24AA26F9D897F564F9DB0594A14BDFA9D6CB6B8C6C1D9224B82E3CFD3D7DF2ED56EA8CE1B94DF4D2DB12E8C101B7FB560D70D30994BC8AC0046D87942ECE121324A22A4B24B461F0CCC449A3F484B
20160423154014 2 6 100 2047 5 C35A0516FF84CFDAA4C6B3A38F33EF330F8E46B1D6FEA0AC852828BD8F87A5F0C468FE820F40EAD2ED88DD80FD5BB5CFE548CED0E68A94749AC6390D35C90A645F050B801714211AD09696B8C2792E5F5EE9BE87934EAF23BCF0B65EE0AB4D61830889DE8376E7F293AF07DE42247815D53304D6DDDEEBE1EB44EA951DB4A1B798ECAB79DF6F2B317648F0E97D89EC9E07ADC4C2F1739D17F3C151E32D893B7ADC403D8ADFE3B1F16771A713B48D87F6BAA24AA26F9D897F564F9DB0594A14BDFA9D6CB6B8C6C1D9224B82E3CFD3D7DF2ED56EA8CE1B94DF4D2DB12E8C101B7FB560D70D30994BC8AC0046D87942ECE121324A22A4B24B461F0CCC449A60744F
