20160509222723 2 6 100 2047 2 F7DF047225FF723B5132D6F96C42F911963B2650E502C68058C6D79F4CAD3BF13F37FB31CDD1B0B27C33BCD8991762A37962EA0F3022D17205E99683D63F434BF0D9382C632177F511C18122F86AA86A6A76942EF07AA2EDF1F07C898F4446A468BA45F768BD8090B994A00AE690E130BB5E896196999F2D416AD908089ADB7C07956F8420AEEB52237DAC9BD6FC9E96AC824094EEE90263EE2B3A1642175DE1B848F93150BD26424BA5C2843A7E80BB89E9B8B7F56505074922D20CBEEE7538D4080F453414A5B5A1509A68722E3BCB6566E11F1924A720454C3FBDB5130DA6DD9A5E7C0F2C4688E160AEA24C3B14A2782D7C78D8405DA23F4895E7776A89EB
20160509222729 2 6 100 2047 2 F7DF047225FF723B5132D6F96C42F911963B2650E502C68058C6D79F4CAD3BF13F37FB31CDD1B0B27C33BCD8991762A37962EA0F3022D17205E99683D63F434BF0D9382C632177F511C18122F86AA86A6A76942EF07AA2EDF1F07C898F4446A468BA45F768BD8090B994A00AE690E130BB5E896196999F2D416AD908089ADB7C07956F8420AEEB52237DAC9BD6FC9E96AC824094EEE90263EE2B3A1642175DE1B848F93150BD26424BA5C2843A7E80BB89E9B8B7F56505074922D20CBEEE7538D4080F453414A5B5A1509A68722E3BCB6566E11F1924A720454C3FBDB5130DA6DD9A5E7C0F2C4688E160AEA24C3B14A2782D7C78D8405DA23F4895E77799F763
20160509222730 2 6 100 2047 5 F7DF047225FF723B5132D6F96C42F911963B2650E502C68058C6D79F4CAD3BF13F37FB31CDD1B0B27C33BCD8991762A37962EA0F3022D17205E99683D63F434BF0D9382C632177F511C18122F86AA86A6A76942EF07AA2EDF1F07C898F4446A468BA45F768BD8090B994A00AE690E130BB5E896196999F2D416AD908089ADB7C07956F8420AEEB52237DAC9BD6FC9E96AC824094EEE90263EE2B3A1642175DE1B848F93150BD26424BA5C2843A7E80BB89E9B8B7F56505074922D20CBEEE7538D4080F453414A5B5A1509A68722E3BCB6566E11F1924A720454C3FBDB5130DA6DD9A5E7C0F2C4688E160AEA24C3B14A2782D7C78D8405DA23F4895E7779DF1BF
20160509222734 2 6 100 2047 2 F7DF047225FF723B5132D6F96C42F911963B2650E502C68058C6D79F4CAD3BF13F37FB31CDD1B0B27C33BCD8991762A37962EA0F3022D17205E99683D63F434BF0D9382C632177F511C18122F86AA86A6A76942EF07AA2EDF1F07C898F4446A468BA45F768BD8090B994A00AE690E130BB5E896196999F2D416AD908089ADB7C07956F8420AEEB52237DAC9BD6FC9E96AC824094EEE90263EE2B3A1642175DE1B848F93150BD26424BA5C2843A7E80BB89E9B8B7F56505074922D20CBEEE7538D4080F453414A5B5A1509A68722E3BCB6566E11F1924A720454C3FBDB5130DA6DD9A5E7C0F2C4688E160AEA24C3B14A2782D7C78D8405DA23F4895E777BFB64B
20160509222738 2 6 100 2047 5 F7DF047225FF723B5132D6F96C42F911963B2650E502C68058C6D79F4CAD3BF13F37FB31CDD1B0B27C33BCD8991762A37962EA0F3022D17205E99683D63F434BF0D9382C632177F511C18122F86AA86A6A76942EF07AA2EDF1F07C898F4446A468BA45F768BD8090B994A00AE690E130BB5E896196999F2D416AD908089ADB7C07956F8420AEEB52237DAC9BD6FC9E96AC824094EEE90263EE2B3A1642175DE1B848F93150BD26424BA5C2843A7E80BB89E9B8B7F56505074922D20CBEEE7538D4080F453414A5B5A1509A68722E3BCB6566E11F1924A720454C3FBDB5130DA6DD9A5E7C0F2C4688E160AEA24C3B14A2782D7C78D8405DA23F4895E777DD692F
20160509222747 2 6 100 2047 5 F7DF047225FF723B5132D6F96C42F911963B2650E502C68058C6D79F4CAD3BF13F37FB31CDD1B0B27C33BCD8991762A37962EA0F3022D17205E99683D63F434BF0D9382C632177F511C18122F86AA86A6A76942EF07AA2EDF1F07C898F4446A468BA45F768BD8090B994A00AE690E130BB5E896196999F2D416AD908089ADB7C07956F8420AEEB52237DAC9BD6FC9E96AC824094EEE90263EE2B3A1642175DE1B848F93150BD26424BA5C2843A7E80BB89E9B8B7F56505074922D20CBEEE7538D4080F453414A5B5A1509A68722E3BCB6566E11F1924A720454C3FBDB5130DA6DD9A5E7C0F2C4688E160AEA24C3B14A2782D7C78D8405DA23F4895E778399687
20160509222755 2 6 100 2047 2 F7DF047225FF723B5132D6F96C42F911963B2650E502C68058C6D79F4CAD3BF13F37FB31CDD1B0B27C33BCD8991762A37962EA0F3022D17205E99683D63F434BF0D9382C632177F511C18122F86AA86A6A76942EF07AA2EDF1F07C898F4446A468BA45F768BD8090B994A00AE690E130BB5E896196999F2D416AD908089ADB7C07956F8420AEEB52237DAC9BD6FC9E96AC824094EEE90263EE2B3A1642175DE1B848F93150BD26424BA5C2843A7E80BB89E9B8B7F56505074922D20CBEEE7538D4080F453414A5B5A1509A68722E3BCB6566E11F1924A720454C3FBDB5130DA6DD9A5E7C0F2C4688E160AEA24C3B14A2782D7C78D8405DA23F4895E77889AEA3
20160509222758 2 6 100 2047 2 F7DF047225FF723B5132D6F96C42F911963B2650E502C68058C6D79F4CAD3BF13F37FB31CDD1B0B27C33BCD8991762A37962EA0F3022D17205E99683D63F434BF0D9382C632177F511C18122F86AA86A6A76942EF07AA2EDF1F07C898F4446A468BA45F768BD8090B994A00AE690E130BB5E896196999F2D416AD908089ADB7C07956F8420AEEB52237DAC9BD6FC9E96AC824094EEE90263EE2B3A1642175DE1B848F93150BD26424BA5C2843A7E80BB89E9B8B7F56505074922D20CBEEE7538D4080F453414A5B5A1509A68722E3BCB6566E11F1924A720454C3FBDB5130DA6DD9A5E7C0F2C4688E160AEA24C3B14A2782D7C78D8405DA23F4895E7789D7D4B
20160509222829 2 6 100 2047 5 F7DF047225FF723B5132D6F96C42F911963B2650E502C68058C6D79F4CAD3BF13F37FB31CDD1B0B27C33BCD8991762A37962EA0F3022D17205E99683D63F434BF0D9382C632177F511C18122F86AA86A6A76942EF07AA2EDF1F07C898F4446A468BA45F768BD8090B994A00AE690E130BB5E896196999F2D416AD908089ADB7C07956F8420AEEB52237DAC9BD6FC9E96AC824094EEE90263EE2B3A1642175DE1B848F93150BD26424BA5C2843A7E80BB89E9B8B7F56505074922D20CBEEE7538D4080F453414A5B5A1509A68722E3BCB6566E11F1924A720454C3FBDB5130DA6DD9A5E7C0F2C4688E160AEA24C3B14A2782D7C78D8405DA23F4895E779DCF5A7
20160509222830 2 6 100 2047 2 F7DF047225FF723B5132D6F96C42F911963B2650E502C68058C6D79F4CAD3BF13F37FB31CDD1B0B27C33BCD8991762A37962EA0F3022D17205E99683D63F434BF0D9382C632177F511C18122F86AA86A6A76942EF07AA2EDF1F07C898F4446A468BA45F768BD8090B994A00AE690E130BB5E896196999F2D416AD908089ADB7C07956F8420AEEB52237DAC9BD6FC9E96AC824094EEE90263EE2B3A1642175DE1B848F93150BD26424BA5C2843A7E80BB89E9B8B7F56505074922D20CBEEE7538D4080F453414A5B5A1509A68722E3BCB6566E11F1924A720454C3FBDB5130DA6DD9A5E7C0F2C4688E160AEA24C3B14A2782D7C78D8405DA23F4895E779E22E33
20160509222833 2 6 100 2047 2 F7DF047225FF723B5132D6F96C42F911963B2650E502C68058C6D79F4CAD3BF13F37FB31CDD1B0B27C33BCD8991762A37962EA0F3022D17205E99683D63F434BF0D9382C632177F511C18122F86AA86A6A76942EF07AA2EDF1F07C898F4446A468BA45F768BD8090B994A00AE690E130BB5E896196999F2D416AD908089ADB7C07956F8420AEEB52237DAC9BD6FC9E96AC824094EEE90263EE2B3A1642175DE1B848F93150BD26424BA5C2843A7E80BB89E9B8B7F56505074922D20CBEEE7538D4080F453414A5B5A1509A68722E3BCB6566E11F1924A720454C3FBDB5130DA6DD9A5E7C0F2C4688E160AEA24C3B14A2782D7C78D8405DA23F4895E779F29843
20160509222836 2 6 100 2047 2 F7DF047225FF723B5132D6F96C42F911963B2650E502C68058C6D79F4CAD3BF13F37FB31CDD1B0B27C33BCD8991762A37962EA0F3022D17205E99683D63F434BF0D9382C632177F511C18122F86AA86A6A76942EF07AA2EDF1F07C898F4446A468BA45F768BD8090B994A00AE690E130BB5E896196999F2D416AD908089ADB7C07956F8420AEEB52237DAC9BD6FC9E96AC824094EEE90263EE2B3A1642175DE1B848F93150BD26424BA5C2843A7E80BB89E9B8B7F56505074922D20CBEEE7538D4080F453414A5B5A1509A68722E3BCB6566E11F1924A720454C3FBDB5130DA6DD9A5E7C0F2C4688E160AEA24C3B14A2782D7C78D8405DA23F4895E77A0D9E8B
20160509222843 2 6 100 2047 2 F7DF047225FF723B5132D6F96C42F911963B2650E502C68058C6D79F4CAD3BF13F37FB31CDD1B0B27C33BCD8991762A37962EA0F3022D17205E99683D63F434BF0D9382C632177F511C18122F86AA86A6A76942EF07AA2EDF1F07C898F4446A468BA45F768BD8090B994A00AE690E130BB5E896196999F2D416AD908089ADB7C07956F8420AEEB52237DAC9BD6FC9E96AC824094EEE90263EE2B3A1642175DE1B848F93150BD26424BA5C2843A7E80BB89E9B8B7F56505074922D20CBEEE7538D4080F453414A5B5A1509A68722E3BCB6566E11F1924A720454C3FBDB5130DA6DD9A5E7C0F2C4688E160AEA24C3B14A2782D7C78D8405DA23F4895E77A542DD3
20160509222902 2 6 100 2047 5 F7DF047225FF723B5132D6F96C42F911963B2650E502C68058C6D79F4CAD3BF13F37FB31CDD1B0B27C33BCD8991762A37962EA0F3022D17205E99683D63F434BF0D9382C632177F511C18122F86AA86A6A76942EF07AA2EDF1F07C898F4446A468BA45F768BD8090B994A00AE690E130BB5E896196999F2D416AD908089ADB7C07956F8420AEEB52237DAC9BD6FC9E96AC824094EEE90263EE2B3A1642175DE1B848F93150BD26424BA5C2843A7E80BB89E9B8B7F56505074922D20CBEEE7538D4080F453414A5B5A1509A68722E3BCB6566E11F1924A720454C3FBDB5130DA6DD9A5E7C0F2C4688E160AEA24C3B14A2782D7C78D8405DA23F4895E77B115C47
20160509222906 2 6 100 2047 2 F7DF047225FF723B5132D6F96C42F911963B2650E502C68058C6D79F4CAD3BF13F37FB31CDD1B0B27C33BCD8991762A37962EA0F3022D17205E99683D63F434BF0D9382C632177F511C18122F86AA86A6A76942EF07AA2EDF1F07C898F4446A468BA45F768BD8090B994A00AE690E130BB5E896196999F2D416AD908089ADB7C07956F8420AEEB52237DAC9BD6FC9E96AC824094EEE90263EE2B3A1642175DE1B848F93150BD26424BA5C2843A7E80BB89E9B8B7F56505074922D20CBEEE7538D4080F453414A5B5A1509A68722E3BCB6566E11F1924A720454C3FBDB5130DA6DD9A5E7C0F2C4688E160AEA24C3B14A2782D7C78D8405DA23F4895E77B308F2B
20160509222907 2 6 100 2047 2 F7DF047225FF723B5132D6F96C42F911963B2650E502C68058C6D79F4CAD3BF13F37FB31CDD1B0B27C33BCD8991762A37962EA0F3022D17205E99683D63F434BF0D9382C632177F511C18122F86AA86A6A76942EF07AA2EDF1F07C898F4446A468BA45F768BD8090B994A00AE690E130BB5E896196999F2D416AD908089ADB7C07956F8420AEEB52237DAC9BD6FC9E96AC824094EEE90263EE2B3A1642175DE1B848F93150BD26424BA5C2843A7E80BB89E9B8B7F56505074922D20CBEEE7538D4080F453414A5B5A1509A68722E3BCB6566E11F1924A720454C3FBDB5130DA6DD9A5E7C0F2C4688E160AEA24C3B14A2782D7C78D8405DA23F4895E77B35C793
20160509222913 2 6 100 2047 2 F7DF047225FF723B5132D6F96C42F911963B2650E502C68058C6D79F4CAD3BF13F37FB31CDD1B0B27C33BCD8991762A37962EA0F3022D17205E99683D63F434BF0D9382C632177F511C18122F86AA86A6A76942EF07AA2EDF1F07C898F4446A468BA45F768BD8090B994A00AE690E130BB5E896196999F2D416AD908089ADB7C07956F8420AEEB52237DAC9BD6FC9E96AC824094EEE90263EE2B3A1642175DE1B848F93150BD26424BA5C2843A7E80BB89E9B8B7F56505074922D20CBEEE7538D4080F453414A5B5A1509A68722E3BCB6566E11F1924A720454C3FBDB5130DA6DD9A5E7C0F2C4688E160AEA24C3B14A2782D7C78D8405DA23F4895E77B6D888B
20160509222921 2 6 100 2047 2 F7DF047225FF723B5132D6F96C42F911963B2650E502C68058C6D79F4CAD3BF13F37FB31CDD1B0B27C33BCD8991762A37962EA0F3022D17205E99683D63F434BF0D9382C632177F511C18122F86AA86A6A76942EF07AA2EDF1F07C898F4446A468BA45F768BD8090B994A00AE690E130BB5E896196999F2D416AD908089ADB7C07956F8420AEEB52237DAC9BD6FC9E96AC824094EEE90263EE2B3A1642175DE1B848F93150BD26424BA5C2843A7E80BB89E9B8B7F56505074922D20CBEEE7538D4080F453414A5B5A1509A68722E3BCB6566E11F1924A720454C3FBDB5130DA6DD9A5E7C0F2C4688E160AEA24C3B14A2782D7C78D8405DA23F4895E77BB78913
20160509222922 2 6 100 2047 2 F7DF047225FF723B5132D6F96C42F911963B2650E502C68058C6D79F4CAD3BF13F37FB31CDD1B0B27C33BCD8991762A37962EA0F3022D17205E99683D63F434BF0D9382C632177F511C18122F86AA86A6A76942EF07AA2EDF1F07C898F4446A468BA45F768BD8090B994A00AE690E130BB5E896196999F2D416AD908089ADB7C07956F8420AEEB52237DAC9BD6FC9E96AC824094EEE90263EE2B3A1642175DE1B848F93150BD26424BA5C2843A7E80BB89E9B8B7F56505074922D20CBEEE7538D4080F453414A5B5A1509A68722E3BCB6566E11F1924A720454C3FBDB5130DA6DD9A5E7C0F2C4688E160AEA24C3B14A2782D7C78D8405DA23F4895E77BC03DCB
20160509222929 2 6 100 2047 2 F7DF047225FF723B5132D6F96C42F911963B2650E502C68058C6D79F4CAD3BF13F37FB31CDD1B0B27C33BCD8991762A37962EA0F3022D17205E99683D63F434BF0D9382C632177F511C18122F86AA86A6A76942EF07AA2EDF1F07C898F4446A468BA45F768BD8090B994A00AE690E130BB5E896196999F2D416AD908089ADB7C07956F8420AEEB52237DAC9BD6FC9E96AC824094EEE90263EE2B3A1642175DE1B848F93150BD26424BA5C2843A7E80BB89E9B8B7F56505074922D20CBEEE7538D4080F453414A5B5A1509A68722E3BCB6566E11F1924A720454C3FBDB5130DA6DD9A5E7C0F2C4688E160AEA24C3B14A2782D7C78D8405DA23F4895E77BF7B693
20160509222932 2 6 100 2047 5 F7DF047225FF723B5132D6F96C42F911963B2650E502C68058C6D79F4CAD3BF13F37FB31CDD1B0B27C33BCD8991762A37962EA0F3022D17205E99683D63F434BF0D9382C632177F511C18122F86AA86A6A76942EF07AA2EDF1F07C898F4446A468BA45F768BD8090B994A00AE690E130BB5E896196999F2D416AD908089ADB7C07956F8420AEEB52237DAC9BD6FC9E96AC824094EEE90263EE2B3A1642175DE1B848F93150BD26424BA5C2843A7E80BB89E9B8B7F56505074922D20CBEEE7538D4080F453414A5B5A1509A68722E3BCB6566E11F1924A720454C3FBDB5130DA6DD9A5E7C0F2C4688E160AEA24C3B14A2782D7C78D8405DA23F4895E77C12758F
20160509222938 2 6 100 2047 2 F7DF047225FF723B5132D6F96C42F911963B2650E502C68058C6D79F4CAD3BF13F37FB31CDD1B0B27C33BCD8991762A37962EA0F3022D17205E99683D63F434BF0D9382C632177F511C18122F86AA86A6A76942EF07AA2EDF1F07C898F4446A468BA45F768BD8090B994A00AE690E130BB5E896196999F2D416AD908089ADB7C07956F8420AEEB52237DAC9BD6FC9E96AC824094EEE90263EE2B3A1642175DE1B848F93150BD26424BA5C2843A7E80BB89E9B8B7F56505074922D20CBEEE7538D4080F453414A5B5A1509A68722E3BCB6566E11F1924A720454C3FBDB5130DA6DD9A5E7C0F2C4688E160AEA24C3B14A2782D7C78D8405DA23F4895E77C465B03
20160509222941 2 6 100 2047 2 F7DF047225FF723B5132D6F96C42F911963B2650E502C68058C6D79F4CAD3BF13F37FB31CDD1B0B27C33BCD8991762A37962EA0F3022D17205E99683D63F434BF0D9382C632177F511C18122F86AA86A6A76942EF07AA2EDF1F07C898F4446A468BA45F768BD8090B994A00AE690E130BB5E896196999F2D416AD908089ADB7C07956F8420AEEB52237DAC9BD6FC9E96AC824094EEE90263EE2B3A1642175DE1B848F93150BD26424BA5C2843A7E80BB89E9B8B7F56505074922D20CBEEE7538D4080F453414A5B5A1509A68722E3BCB6566E11F1924A720454C3FBDB5130DA6DD9A5E7C0F2C4688E160AEA24C3B14A2782D7C78D8405DA23F4895E77C62550B
20160509222946 2 6 100 2047 2 F7DF047225FF723B5132D6F96C42F911963B2650E502C68058C6D79F4CAD3BF13F37FB31CDD1B0B27C33BCD8991762A37962EA0F3022D17205E99683D63F434BF0D9382C632177F511C18122F86AA86A6A76942EF07AA2EDF1F07C898F4446A468BA45F768BD8090B994A00AE690E130BB5E896196999F2D416AD908089ADB7C07956F8420AEEB52237DAC9BD6FC9E96AC824094EEE90263EE2B3A1642175DE1B848F93150BD26424BA5C2843A7E80BB89E9B8B7F56505074922D20CBEEE7538D4080F453414A5B5A1509A68722E3BCB6566E11F1924A720454C3FBDB5130DA6DD9A5E7C0F2C4688E160AEA24C3B14A2782D7C78D8405DA23F4895E77C8A9863
20160509222951 2 6 100 2047 5 F7DF047225FF723B5132D6F96C42F911963B2650E502C68058C6D79F4CAD3BF13F37FB31CDD1B0B27C33BCD8991762A37962EA0F3022D17205E99683D63F434BF0D9382C632177F511C18122F86AA86A6A76942EF07AA2EDF1F07C898F4446A468BA45F768BD8090B994A00AE690E130BB5E896196999F2D416AD908089ADB7C07956F8420AEEB52237DAC9BD6FC9E96AC824094EEE90263EE2B3A1642175DE1B848F93150BD26424BA5C2843A7E80BB89E9B8B7F56505074922D20CBEEE7538D4080F453414A5B5A1509A68722E3BCB6566E11F1924A720454C3FBDB5130DA6DD9A5E7C0F2C4688E160AEA24C3B14A2782D7C78D8405DA23F4895E77CB68FC7
20160509223001 2 6 100 2047 5 F7DF047225FF723B5132D6F96C42F911963B2650E502C68058C6D79F4CAD3BF13F37FB31CDD1B0B27C33BCD8991762A37962EA0F3022D17205E99683D63F434BF0D9382C632177F511C18122F86AA86A6A76942EF07AA2EDF1F07C898F4446A468BA45F768BD8090B994A00AE690E130BB5E896196999F2D416AD908089ADB7C07956F8420AEEB52237DAC9BD6FC9E96AC824094EEE90263EE2B3A1642175DE1B848F93150BD26424BA5C2843A7E80BB89E9B8B7F56505074922D20CBEEE7538D4080F453414A5B5A1509A68722E3BCB6566E11F1924A720454C3FBDB5130DA6DD9A5E7C0F2C4688E160AEA24C3B14A2782D7C78D8405DA23F4895E77D20A79F
20160509223003 2 6 100 2047 2 F7DF047225FF723B5132D6F96C42F911963B2650E502C68058C6D79F4CAD3BF13F37FB31CDD1B0B27C33BCD8991762A37962EA0F3022D17205E99683D63F434BF0D9382C632177F511C18122F86AA86A6A76942EF07AA2EDF1F07C898F4446A468BA45F768BD8090B994A00AE690E130BB5E896196999F2D416AD908089ADB7C07956F8420AEEB52237DAC9BD6FC9E96AC824094EEE90263EE2B3A1642175DE1B848F93150BD26424BA5C2843A7E80BB89E9B8B7F56505074922D20CBEEE7538D4080F453414A5B5A1509A68722E3BCB6566E11F1924A720454C3FBDB5130DA6DD9A5E7C0F2C4688E160AEA24C3B14A2782D7C78D8405DA23F4895E77D26C15B
20160509223005 2 6 100 2047 2 F7DF047225FF723B5132D6F96C42F911963B2650E502C68058C6D79F4CAD3BF13F37FB31CDD1B0B27C33BCD8991762A37962EA0F3022D17205E99683D63F434BF0D9382C632177F511C18122F86AA86A6A76942EF07AA2EDF1F07C898F4446A468BA45F768BD8090B994A00AE690E130BB5E896196999F2D416AD908089ADB7C07956F8420AEEB52237DAC9BD6FC9E96AC824094EEE90263EE2B3A1642175DE1B848F93150BD26424BA5C2843A7E80BB89E9B8B7F56505074922D20CBEEE7538D4080F453414A5B5A1509A68722E3BCB6566E11F1924A720454C3FBDB5130DA6DD9A5E7C0F2C4688E160AEA24C3B14A2782D7C78D8405DA23F4895E77D330313
20160509223008 2 6 100 2047 5 F7DF047225FF723B5132D6F96C42F911963B2650E502C68058C6D79F4CAD3BF13F37FB31CDD1B0B27C33BCD8991762A37962EA0F3022D17205E99683D63F434BF0D9382C632177F511C18122F86AA86A6A76942EF07AA2EDF1F07C898F4446A468BA45F768BD8090B994A00AE690E130BB5E896196999F2D416AD908089ADB7C07956F8420AEEB52237DAC9BD6FC9E96AC824094EEE90263EE2B3A1642175DE1B848F93150BD26424BA5C2843A7E80BB89E9B8B7F56505074922D20CBEEE7538D4080F453414A5B5A1509A68722E3BCB6566E11F1924A720454C3FBDB5130DA6DD9A5E7C0F2C4688E160AEA24C3B14A2782D7C78D8405DA23F4895E77D53C4DF
20160509223022 2 6 100 2047 2 F7DF047225FF723B5132D6F96C42F911963B2650E502C68058C6D79F4CAD3BF13F37FB31CDD1B0B27C33BCD8991762A37962EA0F3022D17205E99683D63F434BF0D9382C632177F511C18122F86AA86A6A76942EF07AA2EDF1F07C898F4446A468BA45F768BD8090B994A00AE690E130BB5E896196999F2D416AD908089ADB7C07956F8420AEEB52237DAC9BD6FC9E96AC824094EEE90263EE2B3A1642175DE1B848F93150BD26424BA5C2843A7E80BB89E9B8B7F56505074922D20CBEEE7538D4080F453414A5B5A1509A68722E3BCB6566E11F1924A720454C3FBDB5130DA6DD9A5E7C0F2C4688E160AEA24C3B14A2782D7C78D8405DA23F4895E77DDB82F3
20160509223025 2 6 100 2047 5 F7DF047225FF723B5132D6F96C42F911963B2650E502C68058C6D79F4CAD3BF13F37FB31CDD1B0B27C33BCD8991762A37962EA0F3022D17205E99683D63F434BF0D9382C632177F511C18122F86AA86A6A76942EF07AA2EDF1F07C898F4446A468BA45F768BD8090B994A00AE690E130BB5E896196999F2D416AD908089ADB7C07956F8420AEEB52237DAC9BD6FC9E96AC824094EEE90263EE2B3A1642175DE1B848F93150BD26424BA5C2843A7E80BB89E9B8B7F56505074922D20CBEEE7538D4080F453414A5B5A1509A68722E3BCB6566E11F1924A720454C3FBDB5130DA6DD9A5E7C0F2C4688E160AEA24C3B14A2782D7C78D8405DA23F4895E77DEFE537
20160509223027 2 6 100 2047 2 F7DF047225FF723B5132D6F96C42F911963B2650E502C68058C6D79F4CAD3BF13F37FB31CDD1B0B27C33BCD8991762A37962EA0F3022D17205E99683D63F434BF0D9382C632177F511C18122F86AA86A6A76942EF07AA2EDF1F07C898F4446A468BA45F768BD8090B994A00AE690E130BB5E896196999F2D416AD908089ADB7C07956F8420AEEB52237DAC9BD6FC9E96AC824094EEE90263EE2B3A1642175DE1B848F93150BD26424BA5C2843A7E80BB89E9B8B7F56505074922D20CBEEE7538D4080F453414A5B5A1509A68722E3BCB6566E11F1924A720454C3FBDB5130DA6DD9A5E7C0F2C4688E160AEA24C3B14A2782D7C78D8405DA23F4895E77DFCEF53
20160509223029 2 6 100 2047 5 F7DF047225FF723B5132D6F96C42F911963B2650E502C68058C6D79F4CAD3BF13F37FB31CDD1B0B27C33BCD8991762A37962EA0F3022D17205E99683D63F434BF0D9382C632177F511C18122F86AA86A6A76942EF07AA2EDF1F07C898F4446A468BA45F768BD8090B994A00AE690E130BB5E896196999F2D416AD908089ADB7C07956F8420AEEB52237DAC9BD6FC9E96AC824094EEE90263EE2B3A1642175DE1B848F93150BD26424BA5C2843A7E80BB89E9B8B7F56505074922D20CBEEE7538D4080F453414A5B5A1509A68722E3BCB6566E11F1924A720454C3FBDB5130DA6DD9A5E7C0F2C4688E160AEA24C3B14A2782D7C78D8405DA23F4895E77E0BDB97
20160509223033 2 6 100 2047 2 F7DF047225FF723B5132D6F96C42F911963B2650E502C68058C6D79F4CAD3BF13F37FB31CDD1B0B27C33BCD8991762A37962EA0F3022D17205E99683D63F434BF0D9382C632177F511C18122F86AA86A6A76942EF07AA2EDF1F07C898F4446A468BA45F768BD8090B994A00AE690E130BB5E896196999F2D416AD908089ADB7C07956F8420AEEB52237DAC9BD6FC9E96AC824094EEE90263EE2B3A1642175DE1B848F93150BD26424BA5C2843A7E80BB89E9B8B7F56505074922D20CBEEE7538D4080F453414A5B5A1509A68722E3BCB6566E11F1924A720454C3FBDB5130DA6DD9A5E7C0F2C4688E160AEA24C3B14A2782D7C78D8405DA23F4895E77E2EF683
20160509223047 2 6 100 2047 2 F7DF047225FF723B5132D6F96C42F911963B2650E502C68058C6D79F4CAD3BF13F37FB31CDD1B0B27C33BCD8991762A37962EA0F3022D17205E99683D63F434BF0D9382C632177F511C18122F86AA86A6A76942EF07AA2EDF1F07C898F4446A468BA45F768BD8090B994A00AE690E130BB5E896196999F2D416AD908089ADB7C07956F8420AEEB52237DAC9BD6FC9E96AC824094EEE90263EE2B3A1642175DE1B848F93150BD26424BA5C2843A7E80BB89E9B8B7F56505074922D20CBEEE7538D4080F453414A5B5A1509A68722E3BCB6566E11F1924A720454C3FBDB5130DA6DD9A5E7C0F2C4688E160AEA24C3B14A2782D7C78D8405DA23F4895E77EB0CD4B
20160509223053 2 6 100 2047 2 F7DF047225FF723B5132D6F96C42F911963B2650E502C68058C6D79F4CAD3BF13F37FB31CDD1B0B27C33BCD8991762A37962EA0F3022D17205E99683D63F434BF0D9382C632177F511C18122F86AA86A6A76942EF07AA2EDF1F07C898F4446A468BA45F768BD8090B994A00AE690E130BB5E896196999F2D416AD908089ADB7C07956F8420AEEB52237DAC9BD6FC9E96AC824094EEE90263EE2B3A1642175DE1B848F93150BD26424BA5C2843A7E80BB89E9B8B7F56505074922D20CBEEE7538D4080F453414A5B5A1509A68722E3BCB6566E11F1924A720454C3FBDB5130DA6DD9A5E7C0F2C4688E160AEA24C3B14A2782D7C78D8405DA23F4895E77EE1F0AB
