20161128055613 2 6 100 2047 5 EF8BE474549F10663DC75F9EC272390BF463C55FC26C0E98580B161D59278BFA0C1E586A970A6F7A363E066F74094DB3B4830D2229979BA9A5C7F40ABA7B77F245D260998C22F14BE1C28C679051355375C328A785715F123A956F8BE9CAF45AEB776DE8AC131EAAF8C6528C979D240DC09809F49BE01A23F28639A342D3F131A51FBBC9137FA13764F77030A6DAD5BEBA9BAF567A33EF00BF2A25A38042F30C16A290A998D3B490EE485E9F6E394549F1197C698ED2ED14BA42CA88B8A7E0FF1201E68C0428C9FF2C7944E098E76A8131370E1812CD2F133D402B37E094FC72C88C2E6E1722F586B241A4F2C078D4B2DDD8C1A21C4BEEE94C15CF76A8651097
20161128055616 2 6 100 2047 2 EF8BE474549F10663DC75F9EC272390BF463C55FC26C0E98580B161D59278BFA0C1E586A970A6F7A363E066F74094DB3B4830D2229979BA9A5C7F40ABA7B77F245D260998C22F14BE1C28C679051355375C328A785715F123A956F8BE9CAF45AEB776DE8AC131EAAF8C6528C979D240DC09809F49BE01A23F28639A342D3F131A51FBBC9137FA13764F77030A6DAD5BEBA9BAF567A33EF00BF2A25A38042F30C16A290A998D3B490EE485E9F6E394549F1197C698ED2ED14BA42CA88B8A7E0FF1201E68C0428C9FF2C7944E098E76A8131370E1812CD2F133D402B37E094FC72C88C2E6E1722F586B241A4F2C078D4B2DDD8C1A21C4BEEE94C15CF76A8A1D2E3
20161128055618 2 6 100 2047 2 EF8BE474549F10663DC75F9EC272390BF463C55FC26C0E98580B161D59278BFA0C1E586A970A6F7A363E066F74094DB3B4830D2229979BA9A5C7F40ABA7B77F245D260998C22F14BE1C28C679051355375C328A785715F123A956F8BE9CAF45AEB776DE8AC131EAAF8C6528C979D240DC09809F49BE01A23F28639A342D3F131A51FBBC9137FA13764F77030A6DAD5BEBA9BAF567A33EF00BF2A25A38042F30C16A290A998D3B490EE485E9F6E394549F1197C698ED2ED14BA42CA88B8A7E0FF1201E68C0428C9FF2C7944E098E76A8131370E1812CD2F133D402B37E094FC72C88C2E6E1722F586B241A4F2C078D4B2DDD8C1A21C4BEEE94C15CF76A8B5E8B3
20161128055619 2 6 100 2047 2 EF8BE474549F10663DC75F9EC272390BF463C55FC26C0E98580B161D59278BFA0C1E586A970A6F7A363E066F74094DB3B4830D2229979BA9A5C7F40ABA7B77F245D260998C22F14BE1C28C679051355375C328A785715F123A956F8BE9CAF45AEB776DE8AC131EAAF8C6528C979D240DC09809F49BE01A23F28639A342D3F131A51FBBC9137FA13764F77030A6DAD5BEBA9BAF567A33EF00BF2A25A38042F30C16A290A998D3B490EE485E9F6E394549F1197C698ED2ED14BA42CA88B8A7E0FF1201E68C0428C9FF2C7944E098E76A8131370E1812CD2F133D402B37E094FC72C88C2E6E1722F586B241A4F2C078D4B2DDD8C1A21C4BEEE94C15CF76A8D347EB
20161128055622 2 6 100 2047 5 EF8BE474549F10663DC75F9EC272390BF463C55FC26C0E98580B161D59278BFA0C1E586A970A6F7A363E066F74094DB3B4830D2229979BA9A5C7F40ABA7B77F245D260998C22F14BE1C28C679051355375C328A785715F123A956F8BE9CAF45AEB776DE8AC131EAAF8C6528C979D240DC09809F49BE01A23F28639A342D3F131A51FBBC9137FA13764F77030A6DAD5BEBA9BAF567A33EF00BF2A25A38042F30C16A290A998D3B490EE485E9F6E394549F1197C698ED2ED14BA42CA88B8A7E0FF1201E68C0428C9FF2C7944E098E76A8131370E1812CD2F133D402B37E094FC72C88C2E6E1722F586B241A4F2C078D4B2DDD8C1A21C4BEEE94C15CF76A903F72F
20161128055632 2 6 100 2047 5 EF8BE474549F10663DC75F9EC272390BF463C55FC26C0E98580B161D59278BFA0C1E586A970A6F7A363E066F74094DB3B4830D2229979BA9A5C7F40ABA7B77F245D260998C22F14BE1C28C679051355375C328A785715F123A956F8BE9CAF45AEB776DE8AC131EAAF8C6528C979D240DC09809F49BE01A23F28639A342D3F131A51FBBC9137FA13764F77030A6DAD5BEBA9BAF567A33EF00BF2A25A38042F30C16A290A998D3B490EE485E9F6E394549F1197C698ED2ED14BA42CA88B8A7E0FF1201E68C0428C9FF2C7944E098E76A8131370E1812CD2F133D402B37E094FC72C88C2E6E1722F586B241A4F2C078D4B2DDD8C1A21C4BEEE94C15CF76A9B58BF7
20161128055633 2 6 100 2047 5 EF8BE474549F10663DC75F9EC272390BF463C55FC26C0E98580B161D59278BFA0C1E586A970A6F7A363E066F74094DB3B4830D2229979BA9A5C7F40ABA7B77F245D260998C22F14BE1C28C679051355375C328A785715F123A956F8BE9CAF45AEB776DE8AC131EAAF8C6528C979D240DC09809F49BE01A23F28639A342D3F131A51FBBC9137FA13764F77030A6DAD5BEBA9BAF567A33EF00BF2A25A38042F30C16A290A998D3B490EE485E9F6E394549F1197C698ED2ED14BA42CA88B8A7E0FF1201E68C0428C9FF2C7944E098E76A8131370E1812CD2F133D402B37E094FC72C88C2E6E1722F586B241A4F2C078D4B2DDD8C1A21C4BEEE94C15CF76A9C3D68F
20161128055635 2 6 100 2047 5 EF8BE474549F10663DC75F9EC272390BF463C55FC26C0E98580B161D59278BFA0C1E586A970A6F7A363E066F74094DB3B4830D2229979BA9A5C7F40ABA7B77F245D260998C22F14BE1C28C679051355375C328A785715F123A956F8BE9CAF45AEB776DE8AC131EAAF8C6528C979D240DC09809F49BE01A23F28639A342D3F131A51FBBC9137FA13764F77030A6DAD5BEBA9BAF567A33EF00BF2A25A38042F30C16A290A998D3B490EE485E9F6E394549F1197C698ED2ED14BA42CA88B8A7E0FF1201E68C0428C9FF2C7944E098E76A8131370E1812CD2F133D402B37E094FC72C88C2E6E1722F586B241A4F2C078D4B2DDD8C1A21C4BEEE94C15CF76A9E6AC0F
20161128055636 2 6 100 2047 2 EF8BE474549F10663DC75F9EC272390BF463C55FC26C0E98580B161D59278BFA0C1E586A970A6F7A363E066F74094DB3B4830D2229979BA9A5C7F40ABA7B77F245D260998C22F14BE1C28C679051355375C328A785715F123A956F8BE9CAF45AEB776DE8AC131EAAF8C6528C979D240DC09809F49BE01A23F28639A342D3F131A51FBBC9137FA13764F77030A6DAD5BEBA9BAF567A33EF00BF2A25A38042F30C16A290A998D3B490EE485E9F6E394549F1197C698ED2ED14BA42CA88B8A7E0FF1201E68C0428C9FF2C7944E098E76A8131370E1812CD2F133D402B37E094FC72C88C2E6E1722F586B241A4F2C078D4B2DDD8C1A21C4BEEE94C15CF76A9EBF953
20161128055636 2 6 100 2047 2 EF8BE474549F10663DC75F9EC272390BF463C55FC26C0E98580B161D59278BFA0C1E586A970A6F7A363E066F74094DB3B4830D2229979BA9A5C7F40ABA7B77F245D260998C22F14BE1C28C679051355375C328A785715F123A956F8BE9CAF45AEB776DE8AC131EAAF8C6528C979D240DC09809F49BE01A23F28639A342D3F131A51FBBC9137FA13764F77030A6DAD5BEBA9BAF567A33EF00BF2A25A38042F30C16A290A998D3B490EE485E9F6E394549F1197C698ED2ED14BA42CA88B8A7E0FF1201E68C0428C9FF2C7944E098E76A8131370E1812CD2F133D402B37E094FC72C88C2E6E1722F586B241A4F2C078D4B2DDD8C1A21C4BEEE94C15CF76A9F5758B
20161128055643 2 6 100 2047 2 EF8BE474549F10663DC75F9EC272390BF463C55FC26C0E98580B161D59278BFA0C1E586A970A6F7A363E066F74094DB3B4830D2229979BA9A5C7F40ABA7B77F245D260998C22F14BE1C28C679051355375C328A785715F123A956F8BE9CAF45AEB776DE8AC131EAAF8C6528C979D240DC09809F49BE01A23F28639A342D3F131A51FBBC9137FA13764F77030A6DAD5BEBA9BAF567A33EF00BF2A25A38042F30C16A290A998D3B490EE485E9F6E394549F1197C698ED2ED14BA42CA88B8A7E0FF1201E68C0428C9FF2C7944E098E76A8131370E1812CD2F133D402B37E094FC72C88C2E6E1722F586B241A4F2C078D4B2DDD8C1A21C4BEEE94C15CF76AA625553
20161128055644 2 6 100 2047 2 EF8BE474549F10663DC75F9EC272390BF463C55FC26C0E98580B161D59278BFA0C1E586A970A6F7A363E066F74094DB3B4830D2229979BA9A5C7F40ABA7B77F245D260998C22F14BE1C28C679051355375C328A785715F123A956F8BE9CAF45AEB776DE8AC131EAAF8C6528C979D240DC09809F49BE01A23F28639A342D3F131A51FBBC9137FA13764F77030A6DAD5BEBA9BAF567A33EF00BF2A25A38042F30C16A290A998D3B490EE485E9F6E394549F1197C698ED2ED14BA42CA88B8A7E0FF1201E68C0428C9FF2C7944E098E76A8131370E1812CD2F133D402B37E094FC72C88C2E6E1722F586B241A4F2C078D4B2DDD8C1A21C4BEEE94C15CF76AA723C0B
20161128055647 2 6 100 2047 2 EF8BE474549F10663DC75F9EC272390BF463C55FC26C0E98580B161D59278BFA0C1E586A970A6F7A363E066F74094DB3B4830D2229979BA9A5C7F40ABA7B77F245D260998C22F14BE1C28C679051355375C328A785715F123A956F8BE9CAF45AEB776DE8AC131EAAF8C6528C979D240DC09809F49BE01A23F28639A342D3F131A51FBBC9137FA13764F77030A6DAD5BEBA9BAF567A33EF00BF2A25A38042F30C16A290A998D3B490EE485E9F6E394549F1197C698ED2ED14BA42CA88B8A7E0FF1201E68C0428C9FF2C7944E098E76A8131370E1812CD2F133D402B37E094FC72C88C2E6E1722F586B241A4F2C078D4B2DDD8C1A21C4BEEE94C15CF76AAB4777B
20161128055650 2 6 100 2047 2 EF8BE474549F10663DC75F9EC272390BF463C55FC26C0E98580B161D59278BFA0C1E586A970A6F7A363E066F74094DB3B4830D2229979BA9A5C7F40ABA7B77F245D260998C22F14BE1C28C679051355375C328A785715F123A956F8BE9CAF45AEB776DE8AC131EAAF8C6528C979D240DC09809F49BE01A23F28639A342D3F131A51FBBC9137FA13764F77030A6DAD5BEBA9BAF567A33EF00BF2A25A38042F30C16A290A998D3B490EE485E9F6E394549F1197C698ED2ED14BA42CA88B8A7E0FF1201E68C0428C9FF2C7944E098E76A8131370E1812CD2F133D402B37E094FC72C88C2E6E1722F586B241A4F2C078D4B2DDD8C1A21C4BEEE94C15CF76AADD4893
20161128055701 2 6 100 2047 2 EF8BE474549F10663DC75F9EC272390BF463C55FC26C0E98580B161D59278BFA0C1E586A970A6F7A363E066F74094DB3B4830D2229979BA9A5C7F40ABA7B77F245D260998C22F14BE1C28C679051355375C328A785715F123A956F8BE9CAF45AEB776DE8AC131EAAF8C6528C979D240DC09809F49BE01A23F28639A342D3F131A51FBBC9137FA13764F77030A6DAD5BEBA9BAF567A33EF00BF2A25A38042F30C16A290A998D3B490EE485E9F6E394549F1197C698ED2ED14BA42CA88B8A7E0FF1201E68C0428C9FF2C7944E098E76A8131370E1812CD2F133D402B37E094FC72C88C2E6E1722F586B241A4F2C078D4B2DDD8C1A21C4BEEE94C15CF76ABC14CE3
20161128055703 2 6 100 2047 2 EF8BE474549F10663DC75F9EC272390BF463C55FC26C0E98580B161D59278BFA0C1E586A970A6F7A363E066F74094DB3B4830D2229979BA9A5C7F40ABA7B77F245D260998C22F14BE1C28C679051355375C328A785715F123A956F8BE9CAF45AEB776DE8AC131EAAF8C6528C979D240DC09809F49BE01A23F28639A342D3F131A51FBBC9137FA13764F77030A6DAD5BEBA9BAF567A33EF00BF2A25A38042F30C16A290A998D3B490EE485E9F6E394549F1197C698ED2ED14BA42CA88B8A7E0FF1201E68C0428C9FF2C7944E098E76A8131370E1812CD2F133D402B37E094FC72C88C2E6E1722F586B241A4F2C078D4B2DDD8C1A21C4BEEE94C15CF76ABE13853
20161128055710 2 6 100 2047 2 EF8BE474549F10663DC75F9EC272390BF463C55FC26C0E98580B161D59278BFA0C1E586A970A6F7A363E066F74094DB3B4830D2229979BA9A5C7F40ABA7B77F245D260998C22F14BE1C28C679051355375C328A785715F123A956F8BE9CAF45AEB776DE8AC131EAAF8C6528C979D240DC09809F49BE01A23F28639A342D3F131A51FBBC9137FA13764F77030A6DAD5BEBA9BAF567A33EF00BF2A25A38042F30C16A290A998D3B490EE485E9F6E394549F1197C698ED2ED14BA42CA88B8A7E0FF1201E68C0428C9FF2C7944E098E76A8131370E1812CD2F133D402B37E094FC72C88C2E6E1722F586B241A4F2C078D4B2DDD8C1A21C4BEEE94C15CF76AC5E3C9B
20161128055711 2 6 100 2047 2 EF8BE474549F10663DC75F9EC272390BF463C55FC26C0E98580B161D59278BFA0C1E586A970A6F7A363E066F74094DB3B4830D2229979BA9A5C7F40ABA7B77F245D260998C22F14BE1C28C679051355375C328A785715F123A956F8BE9CAF45AEB776DE8AC131EAAF8C6528C979D240DC09809F49BE01A23F28639A342D3F131A51FBBC9137FA13764F77030A6DAD5BEBA9BAF567A33EF00BF2A25A38042F30C16A290A998D3B490EE485E9F6E394549F1197C698ED2ED14BA42CA88B8A7E0FF1201E68C0428C9FF2C7944E098E76A8131370E1812CD2F133D402B37E094FC72C88C2E6E1722F586B241A4F2C078D4B2DDD8C1A21C4BEEE94C15CF76AC69265B
20161128055713 2 6 100 2047 2 EF8BE474549F10663DC75F9EC272390BF463C55FC26C0E98580B161D59278BFA0C1E586A970A6F7A363E066F74094DB3B4830D2229979BA9A5C7F40ABA7B77F245D260998C22F14BE1C28C679051355375C328A785715F123A956F8BE9CAF45AEB776DE8AC131EAAF8C6528C979D240DC09809F49BE01A23F28639A342D3F131A51FBBC9137FA13764F77030A6DAD5BEBA9BAF567A33EF00BF2A25A38042F30C16A290A998D3B490EE485E9F6E394549F1197C698ED2ED14BA42CA88B8A7E0FF1201E68C0428C9FF2C7944E098E76A8131370E1812CD2F133D402B37E094FC72C88C2E6E1722F586B241A4F2C078D4B2DDD8C1A21C4BEEE94C15CF76AC85DE23
20161128055715 2 6 100 2047 5 EF8BE474549F10663DC75F9EC272390BF463C55FC26C0E98580B161D59278BFA0C1E586A970A6F7A363E066F74094DB3B4830D2229979BA9A5C7F40ABA7B77F245D260998C22F14BE1C28C679051355375C328A785715F123A956F8BE9CAF45AEB776DE8AC131EAAF8C6528C979D240DC09809F49BE01A23F28639A342D3F131A51FBBC9137FA13764F77030A6DAD5BEBA9BAF567A33EF00BF2A25A38042F30C16A290A998D3B490EE485E9F6E394549F1197C698ED2ED14BA42CA88B8A7E0FF1201E68C0428C9FF2C7944E098E76A8131370E1812CD2F133D402B37E094FC72C88C2E6E1722F586B241A4F2C078D4B2DDD8C1A21C4BEEE94C15CF76ACA8A0D7
20161128055730 2 6 100 2047 2 EF8BE474549F10663DC75F9EC272390BF463C55FC26C0E98580B161D59278BFA0C1E586A970A6F7A363E066F74094DB3B4830D2229979BA9A5C7F40ABA7B77F245D260998C22F14BE1C28C679051355375C328A785715F123A956F8BE9CAF45AEB776DE8AC131EAAF8C6528C979D240DC09809F49BE01A23F28639A342D3F131A51FBBC9137FA13764F77030A6DAD5BEBA9BAF567A33EF00BF2A25A38042F30C16A290A998D3B490EE485E9F6E394549F1197C698ED2ED14BA42CA88B8A7E0FF1201E68C0428C9FF2C7944E098E76A8131370E1812CD2F133D402B37E094FC72C88C2E6E1722F586B241A4F2C078D4B2DDD8C1A21C4BEEE94C15CF76ADC875C3
20161128055732 2 6 100 2047 5 EF8BE474549F10663DC75F9EC272390BF463C55FC26C0E98580B161D59278BFA0C1E586A970A6F7A363E066F74094DB3B4830D2229979BA9A5C7F40ABA7B77F245D260998C22F14BE1C28C679051355375C328A785715F123A956F8BE9CAF45AEB776DE8AC131EAAF8C6528C979D240DC09809F49BE01A23F28639A342D3F131A51FBBC9137FA13764F77030A6DAD5BEBA9BAF567A33EF00BF2A25A38042F30C16A290A998D3B490EE485E9F6E394549F1197C698ED2ED14BA42CA88B8A7E0FF1201E68C0428C9FF2C7944E098E76A8131370E1812CD2F133D402B37E094FC72C88C2E6E1722F586B241A4F2C078D4B2DDD8C1A21C4BEEE94C15CF76ADEF396F
20161128055736 2 6 100 2047 2 EF8BE474549F10663DC75F9EC272390BF463C55FC26C0E98580B161D59278BFA0C1E586A970A6F7A363E066F74094DB3B4830D2229979BA9A5C7F40ABA7B77F245D260998C22F14BE1C28C679051355375C328A785715F123A956F8BE9CAF45AEB776DE8AC131EAAF8C6528C979D240DC09809F49BE01A23F28639A342D3F131A51FBBC9137FA13764F77030A6DAD5BEBA9BAF567A33EF00BF2A25A38042F30C16A290A998D3B490EE485E9F6E394549F1197C698ED2ED14BA42CA88B8A7E0FF1201E68C0428C9FF2C7944E098E76A8131370E1812CD2F133D402B37E094FC72C88C2E6E1722F586B241A4F2C078D4B2DDD8C1A21C4BEEE94C15CF76AE3785CB
20161128055738 2 6 100 2047 2 EF8BE474549F10663DC75F9EC272390BF463C55FC26C0E98580B161D59278BFA0C1E586A970A6F7A363E066F74094DB3B4830D2229979BA9A5C7F40ABA7B77F245D260998C22F14BE1C28C679051355375C328A785715F123A956F8BE9CAF45AEB776DE8AC131EAAF8C6528C979D240DC09809F49BE01A23F28639A342D3F131A51FBBC9137FA13764F77030A6DAD5BEBA9BAF567A33EF00BF2A25A38042F30C16A290A998D3B490EE485E9F6E394549F1197C698ED2ED14BA42CA88B8A7E0FF1201E68C0428C9FF2C7944E098E76A8131370E1812CD2F133D402B37E094FC72C88C2E6E1722F586B241A4F2C078D4B2DDD8C1A21C4BEEE94C15CF76AE55F46B
20161128055740 2 6 100 2047 2 EF8BE474549F10663DC75F9EC272390BF463C55FC26C0E98580B161D59278BFA0C1E586A970A6F7A363E066F74094DB3B4830D2229979BA9A5C7F40ABA7B77F245D260998C22F14BE1C28C679051355375C328A785715F123A956F8BE9CAF45AEB776DE8AC131EAAF8C6528C979D240DC09809F49BE01A23F28639A342D3F131A51FBBC9137FA13764F77030A6DAD5BEBA9BAF567A33EF00BF2A25A38042F30C16A290A998D3B490EE485E9F6E394549F1197C698ED2ED14BA42CA88B8A7E0FF1201E68C0428C9FF2C7944E098E76A8131370E1812CD2F133D402B37E094FC72C88C2E6E1722F586B241A4F2C078D4B2DDD8C1A21C4BEEE94C15CF76AE6DC10B
20161128055741 2 6 100 2047 2 EF8BE474549F10663DC75F9EC272390BF463C55FC26C0E98580B161D59278BFA0C1E586A970A6F7A363E066F74094DB3B4830D2229979BA9A5C7F40ABA7B77F245D260998C22F14BE1C28C679051355375C328A785715F123A956F8BE9CAF45AEB776DE8AC131EAAF8C6528C979D240DC09809F49BE01A23F28639A342D3F131A51FBBC9137FA13764F77030A6DAD5BEBA9BAF567A33EF00BF2A25A38042F30C16A290A998D3B490EE485E9F6E394549F1197C698ED2ED14BA42CA88B8A7E0FF1201E68C0428C9FF2C7944E098E76A8131370E1812CD2F133D402B37E094FC72C88C2E6E1722F586B241A4F2C078D4B2DDD8C1A21C4BEEE94C15CF76AE74A313
20161128055744 2 6 100 2047 5 EF8BE474549F10663DC75F9EC272390BF463C55FC26C0E98580B161D59278BFA0C1E586A970A6F7A363E066F74094DB3B4830D2229979BA9A5C7F40ABA7B77F245D260998C22F14BE1C28C679051355375C328A785715F123A956F8BE9CAF45AEB776DE8AC131EAAF8C6528C979D240DC09809F49BE01A23F28639A342D3F131A51FBBC9137FA13764F77030A6DAD5BEBA9BAF567A33EF00BF2A25A38042F30C16A290A998D3B490EE485E9F6E394549F1197C698ED2ED14BA42CA88B8A7E0FF1201E68C0428C9FF2C7944E098E76A8131370E1812CD2F133D402B37E094FC72C88C2E6E1722F586B241A4F2C078D4B2DDD8C1A21C4BEEE94C15CF76AEA74FAF
20161128055749 2 6 100 2047 5 EF8BE474549F10663DC75F9EC272390BF463C55FC26C0E98580B161D59278BFA0C1E586A970A6F7A363E066F74094DB3B4830D2229979BA9A5C7F40ABA7B77F245D260998C22F14BE1C28C679051355375C328A785715F123A956F8BE9CAF45AEB776DE8AC131EAAF8C6528C979D240DC09809F49BE01A23F28639A342D3F131A51FBBC9137FA13764F77030A6DAD5BEBA9BAF567A33EF00BF2A25A38042F30C16A290A998D3B490EE485E9F6E394549F1197C698ED2ED14BA42CA88B8A7E0FF1201E68C0428C9FF2C7944E098E76A8131370E1812CD2F133D402B37E094FC72C88C2E6E1722F586B241A4F2C078D4B2DDD8C1A21C4BEEE94C15CF76AF0203AF
20161128055753 2 6 100 2047 5 EF8BE474549F10663DC75F9EC272390BF463C55FC26C0E98580B161D59278BFA0C1E586A970A6F7A363E066F74094DB3B4830D2229979BA9A5C7F40ABA7B77F245D260998C22F14BE1C28C679051355375C328A785715F123A956F8BE9CAF45AEB776DE8AC131EAAF8C6528C979D240DC09809F49BE01A23F28639A342D3F131A51FBBC9137FA13764F77030A6DAD5BEBA9BAF567A33EF00BF2A25A38042F30C16A290A998D3B490EE485E9F6E394549F1197C698ED2ED14BA42CA88B8A7E0FF1201E68C0428C9FF2C7944E098E76A8131370E1812CD2F133D402B37E094FC72C88C2E6E1722F586B241A4F2C078D4B2DDD8C1A21C4BEEE94C15CF76AF4BE43F
20161128055754 2 6 100 2047 5 EF8BE474549F10663DC75F9EC272390BF463C55FC26C0E98580B161D59278BFA0C1E586A970A6F7A363E066F74094DB3B4830D2229979BA9A5C7F40ABA7B77F245D260998C22F14BE1C28C679051355375C328A785715F123A956F8BE9CAF45AEB776DE8AC131EAAF8C6528C979D240DC09809F49BE01A23F28639A342D3F131A51FBBC9137FA13764F77030A6DAD5BEBA9BAF567A33EF00BF2A25A38042F30C16A290A998D3B490EE485E9F6E394549F1197C698ED2ED14BA42CA88B8A7E0FF1201E68C0428C9FF2C7944E098E76A8131370E1812CD2F133D402B37E094FC72C88C2E6E1722F586B241A4F2C078D4B2DDD8C1A21C4BEEE94C15CF76AF607197
20161128055756 2 6 100 2047 2 EF8BE474549F10663DC75F9EC272390BF463C55FC26C0E98580B161D59278BFA0C1E586A970A6F7A363E066F74094DB3B4830D2229979BA9A5C7F40ABA7B77F245D260998C22F14BE1C28C679051355375C328A785715F123A956F8BE9CAF45AEB776DE8AC131EAAF8C6528C979D240DC09809F49BE01A23F28639A342D3F131A51FBBC9137FA13764F77030A6DAD5BEBA9BAF567A33EF00BF2A25A38042F30C16A290A998D3B490EE485E9F6E394549F1197C698ED2ED14BA42CA88B8A7E0FF1201E68C0428C9FF2C7944E098E76A8131370E1812CD2F133D402B37E094FC72C88C2E6E1722F586B241A4F2C078D4B2DDD8C1A21C4BEEE94C15CF76AF77B953
20161128055759 2 6 100 2047 2 EF8BE474549F10663DC75F9EC272390BF463C55FC26C0E98580B161D59278BFA0C1E586A970A6F7A363E066F74094DB3B4830D2229979BA9A5C7F40ABA7B77F245D260998C22F14BE1C28C679051355375C328A785715F123A956F8BE9CAF45AEB776DE8AC131EAAF8C6528C979D240DC09809F49BE01A23F28639A342D3F131A51FBBC9137FA13764F77030A6DAD5BEBA9BAF567A33EF00BF2A25A38042F30C16A290A998D3B490EE485E9F6E394549F1197C698ED2ED14BA42CA88B8A7E0FF1201E68C0428C9FF2C7944E098E76A8131370E1812CD2F133D402B37E094FC72C88C2E6E1722F586B241A4F2C078D4B2DDD8C1A21C4BEEE94C15CF76AFAF92AB
20161128055803 2 6 100 2047 2 EF8BE474549F10663DC75F9EC272390BF463C55FC26C0E98580B161D59278BFA0C1E586A970A6F7A363E066F74094DB3B4830D2229979BA9A5C7F40ABA7B77F245D260998C22F14BE1C28C679051355375C328A785715F123A956F8BE9CAF45AEB776DE8AC131EAAF8C6528C979D240DC09809F49BE01A23F28639A342D3F131A51FBBC9137FA13764F77030A6DAD5BEBA9BAF567A33EF00BF2A25A38042F30C16A290A998D3B490EE485E9F6E394549F1197C698ED2ED14BA42CA88B8A7E0FF1201E68C0428C9FF2C7944E098E76A8131370E1812CD2F133D402B37E094FC72C88C2E6E1722F586B241A4F2C078D4B2DDD8C1A21C4BEEE94C15CF76AFEF82F3
