20220402173855 2 6 100 2047 2 EF33006302EA57E9A9E6152B7F7DFED4A8125E69B99E47DF2FB518DB689300FB1B5FE4FE79D7807382CE15A8D6C3E71DC5B096ACD68E48A5EDD9DE8F226F3AF0D35E4B8CB0E981ACC82D3B3E792587946D812F0194665A4D988CD694CCF1800176FD84F987738F6E9CCD12950D8DBE4E220F14F62CF4435852F0FD9FA866E333174818D47A591AE845E997F7DF5E36DA888D4986A18DD0AEDDF4A95E317DC37FEA281D87137CCB5BBCE3F026D02213A36B9014273468190DEAB22972E86DF0DBFDB30BC8001F3BE7B0FD0CEBB80EA2115B0CE46DEAE1B4ABCE477CA10E62DC525D89F4071B7B9E4F977E471C9D6B8E9672F31BF6855232DFBF5B2FD600C4D7E3
20220402173922 2 6 100 2047 2 EF33006302EA57E9A9E6152B7F7DFED4A8125E69B99E47DF2FB518DB689300FB1B5FE4FE79D7807382CE15A8D6C3E71DC5B096ACD68E48A5EDD9DE8F226F3AF0D35E4B8CB0E981ACC82D3B3E792587946D812F0194665A4D988CD694CCF1800176FD84F987738F6E9CCD12950D8DBE4E220F14F62CF4435852F0FD9FA866E333174818D47A591AE845E997F7DF5E36DA888D4986A18DD0AEDDF4A95E317DC37FEA281D87137CCB5BBCE3F026D02213A36B9014273468190DEAB22972E86DF0DBFDB30BC8001F3BE7B0FD0CEBB80EA2115B0CE46DEAE1B4ABCE477CA10E62DC525D89F4071B7B9E4F977E471C9D6B8E9672F31BF6855232DFBF5B2FD60117AB23
20220402174015 2 6 100 2047 2 EF33006302EA57E9A9E6152B7F7DFED4A8125E69B99E47DF2FB518DB689300FB1B5FE4FE79D7807382CE15A8D6C3E71DC5B096ACD68E48A5EDD9DE8F226F3AF0D35E4B8CB0E981ACC82D3B3E792587946D812F0194665A4D988CD694CCF1800176FD84F987738F6E9CCD12950D8DBE4E220F14F62CF4435852F0FD9FA866E333174818D47A591AE845E997F7DF5E36DA888D4986A18DD0AEDDF4A95E317DC37FEA281D87137CCB5BBCE3F026D02213A36B9014273468190DEAB22972E86DF0DBFDB30BC8001F3BE7B0FD0CEBB80EA2115B0CE46DEAE1B4ABCE477CA10E62DC525D89F4071B7B9E4F977E471C9D6B8E9672F31BF6855232DFBF5B2FD601C19C03
20220402174022 2 6 100 2047 5 EF33006302EA57E9A9E6152B7F7DFED4A8125E69B99E47DF2FB518DB689300FB1B5FE4FE79D7807382CE15A8D6C3E71DC5B096ACD68E48A5EDD9DE8F226F3AF0D35E4B8CB0E981ACC82D3B3E792587946D812F0194665A4D988CD694CCF1800176FD84F987738F6E9CCD12950D8DBE4E220F14F62CF4435852F0FD9FA866E333174818D47A591AE845E997F7DF5E36DA888D4986A18DD0AEDDF4A95E317DC37FEA281D87137CCB5BBCE3F026D02213A36B9014273468190DEAB22972E86DF0DBFDB30BC8001F3BE7B0FD0CEBB80EA2115B0CE46DEAE1B4ABCE477CA10E62DC525D89F4071B7B9E4F977E471C9D6B8E9672F31BF6855232DFBF5B2FD601D39DEF
20220402174040 2 6 100 2047 5 EF33006302EA57E9A9E6152B7F7DFED4A8125E69B99E47DF2FB518DB689300FB1B5FE4FE79D7807382CE15A8D6C3E71DC5B096ACD68E48A5EDD9DE8F226F3AF0D35E4B8CB0E981ACC82D3B3E792587946D812F0194665A4D988CD694CCF1800176FD84F987738F6E9CCD12950D8DBE4E220F14F62CF4435852F0FD9FA866E333174818D47A591AE845E997F7DF5E36DA888D4986A18DD0AEDDF4A95E317DC37FEA281D87137CCB5BBCE3F026D02213A36B9014273468190DEAB22972E86DF0DBFDB30BC8001F3BE7B0FD0CEBB80EA2115B0CE46DEAE1B4ABCE477CA10E62DC525D89F4071B7B9E4F977E471C9D6B8E9672F31BF6855232DFBF5B2FD6020697EF
20220402174101 2 6 100 2047 2 EF33006302EA57E9A9E6152B7F7DFED4A8125E69B99E47DF2FB518DB689300FB1B5FE4FE79D7807382CE15A8D6C3E71DC5B096ACD68E48A5EDD9DE8F226F3AF0D35E4B8CB0E981ACC82D3B3E792587946D812F0194665A4D988CD694CCF1800176FD84F987738F6E9CCD12950D8DBE4E220F14F62CF4435852F0FD9FA866E333174818D47A591AE845E997F7DF5E36DA888D4986A18DD0AEDDF4A95E317DC37FEA281D87137CCB5BBCE3F026D02213A36B9014273468190DEAB22972E86DF0DBFDB30BC8001F3BE7B0FD0CEBB80EA2115B0CE46DEAE1B4ABCE477CA10E62DC525D89F4071B7B9E4F977E471C9D6B8E9672F31BF6855232DFBF5B2FD60247662B
20220402174103 2 6 100 2047 5 EF33006302EA57E9A9E6152B7F7DFED4A8125E69B99E47DF2FB518DB689300FB1B5FE4FE79D7807382CE15A8D6C3E71DC5B096ACD68E48A5EDD9DE8F226F3AF0D35E4B8CB0E981ACC82D3B3E792587946D812F0194665A4D988CD694CCF1800176FD84F987738F6E9CCD12950D8DBE4E220F14F62CF4435852F0FD9FA866E333174818D47A591AE845E997F7DF5E36DA888D4986A18DD0AEDDF4A95E317DC37FEA281D87137CCB5BBCE3F026D02213A36B9014273468190DEAB22972E86DF0DBFDB30BC8001F3BE7B0FD0CEBB80EA2115B0CE46DEAE1B4ABCE477CA10E62DC525D89F4071B7B9E4F977E471C9D6B8E9672F31BF6855232DFBF5B2FD60247EB87
20220402174114 2 6 100 2047 2 EF33006302EA57E9A9E6152B7F7DFED4A8125E69B99E47DF2FB518DB689300FB1B5FE4FE79D7807382CE15A8D6C3E71DC5B096ACD68E48A5EDD9DE8F226F3AF0D35E4B8CB0E981ACC82D3B3E792587946D812F0194665A4D988CD694CCF1800176FD84F987738F6E9CCD12950D8DBE4E220F14F62CF4435852F0FD9FA866E333174818D47A591AE845E997F7DF5E36DA888D4986A18DD0AEDDF4A95E317DC37FEA281D87137CCB5BBCE3F026D02213A36B9014273468190DEAB22972E86DF0DBFDB30BC8001F3BE7B0FD0CEBB80EA2115B0CE46DEAE1B4ABCE477CA10E62DC525D89F4071B7B9E4F977E471C9D6B8E9672F31BF6855232DFBF5B2FD6026519C3
20220402174134 2 6 100 2047 5 EF33006302EA57E9A9E6152B7F7DFED4A8125E69B99E47DF2FB518DB689300FB1B5FE4FE79D7807382CE15A8D6C3E71DC5B096ACD68E48A5EDD9DE8F226F3AF0D35E4B8CB0E981ACC82D3B3E792587946D812F0194665A4D988CD694CCF1800176FD84F987738F6E9CCD12950D8DBE4E220F14F62CF4435852F0FD9FA866E333174818D47A591AE845E997F7DF5E36DA888D4986A18DD0AEDDF4A95E317DC37FEA281D87137CCB5BBCE3F026D02213A36B9014273468190DEAB22972E86DF0DBFDB30BC8001F3BE7B0FD0CEBB80EA2115B0CE46DEAE1B4ABCE477CA10E62DC525D89F4071B7B9E4F977E471C9D6B8E9672F31BF6855232DFBF5B2FD602A11807
20220402174200 2 6 100 2047 2 EF33006302EA57E9A9E6152B7F7DFED4A8125E69B99E47DF2FB518DB689300FB1B5FE4FE79D7807382CE15A8D6C3E71DC5B096ACD68E48A5EDD9DE8F226F3AF0D35E4B8CB0E981ACC82D3B3E792587946D812F0194665A4D988CD694CCF1800176FD84F987738F6E9CCD12950D8DBE4E220F14F62CF4435852F0FD9FA866E333174818D47A591AE845E997F7DF5E36DA888D4986A18DD0AEDDF4A95E317DC37FEA281D87137CCB5BBCE3F026D02213A36B9014273468190DEAB22972E86DF0DBFDB30BC8001F3BE7B0FD0CEBB80EA2115B0CE46DEAE1B4ABCE477CA10E62DC525D89F4071B7B9E4F977E471C9D6B8E9672F31BF6855232DFBF5B2FD602F11CA3
20220402174220 2 6 100 2047 5 EF33006302EA57E9A9E6152B7F7DFED4A8125E69B99E47DF2FB518DB689300FB1B5FE4FE79D7807382CE15A8D6C3E71DC5B096ACD68E48A5EDD9DE8F226F3AF0D35E4B8CB0E981ACC82D3B3E792587946D812F0194665A4D988CD694CCF1800176FD84F987738F6E9CCD12950D8DBE4E220F14F62CF4435852F0FD9FA866E333174818D47A591AE845E997F7DF5E36DA888D4986A18DD0AEDDF4A95E317DC37FEA281D87137CCB5BBCE3F026D02213A36B9014273468190DEAB22972E86DF0DBFDB30BC8001F3BE7B0FD0CEBB80EA2115B0CE46DEAE1B4ABCE477CA10E62DC525D89F4071B7B9E4F977E471C9D6B8E9672F31BF6855232DFBF5B2FD6032CC357
20220402174232 2 6 100 2047 2 EF33006302EA57E9A9E6152B7F7DFED4A8125E69B99E47DF2FB518DB689300FB1B5FE4FE79D7807382CE15A8D6C3E71DC5B096ACD68E48A5EDD9DE8F226F3AF0D35E4B8CB0E981ACC82D3B3E792587946D812F0194665A4D988CD694CCF1800176FD84F987738F6E9CCD12950D8DBE4E220F14F62CF4435852F0FD9FA866E333174818D47A591AE845E997F7DF5E36DA888D4986A18DD0AEDDF4A95E317DC37FEA281D87137CCB5BBCE3F026D02213A36B9014273468190DEAB22972E86DF0DBFDB30BC8001F3BE7B0FD0CEBB80EA2115B0CE46DEAE1B4ABCE477CA10E62DC525D89F4071B7B9E4F977E471C9D6B8E9672F31BF6855232DFBF5B2FD6034C8353
20220402174241 2 6 100 2047 2 EF33006302EA57E9A9E6152B7F7DFED4A8125E69B99E47DF2FB518DB689300FB1B5FE4FE79D7807382CE15A8D6C3E71DC5B096ACD68E48A5EDD9DE8F226F3AF0D35E4B8CB0E981ACC82D3B3E792587946D812F0194665A4D988CD694CCF1800176FD84F987738F6E9CCD12950D8DBE4E220F14F62CF4435852F0FD9FA866E333174818D47A591AE845E997F7DF5E36DA888D4986A18DD0AEDDF4A95E317DC37FEA281D87137CCB5BBCE3F026D02213A36B9014273468190DEAB22972E86DF0DBFDB30BC8001F3BE7B0FD0CEBB80EA2115B0CE46DEAE1B4ABCE477CA10E62DC525D89F4071B7B9E4F977E471C9D6B8E9672F31BF6855232DFBF5B2FD60364BEAB
20220402174254 2 6 100 2047 5 EF33006302EA57E9A9E6152B7F7DFED4A8125E69B99E47DF2FB518DB689300FB1B5FE4FE79D7807382CE15A8D6C3E71DC5B096ACD68E48A5EDD9DE8F226F3AF0D35E4B8CB0E981ACC82D3B3E792587946D812F0194665A4D988CD694CCF1800176FD84F987738F6E9CCD12950D8DBE4E220F14F62CF4435852F0FD9FA866E333174818D47A591AE845E997F7DF5E36DA888D4986A18DD0AEDDF4A95E317DC37FEA281D87137CCB5BBCE3F026D02213A36B9014273468190DEAB22972E86DF0DBFDB30BC8001F3BE7B0FD0CEBB80EA2115B0CE46DEAE1B4ABCE477CA10E62DC525D89F4071B7B9E4F977E471C9D6B8E9672F31BF6855232DFBF5B2FD603892F1F
20220402174315 2 6 100 2047 5 EF33006302EA57E9A9E6152B7F7DFED4A8125E69B99E47DF2FB518DB689300FB1B5FE4FE79D7807382CE15A8D6C3E71DC5B096ACD68E48A5EDD9DE8F226F3AF0D35E4B8CB0E981ACC82D3B3E792587946D812F0194665A4D988CD694CCF1800176FD84F987738F6E9CCD12950D8DBE4E220F14F62CF4435852F0FD9FA866E333174818D47A591AE845E997F7DF5E36DA888D4986A18DD0AEDDF4A95E317DC37FEA281D87137CCB5BBCE3F026D02213A36B9014273468190DEAB22972E86DF0DBFDB30BC8001F3BE7B0FD0CEBB80EA2115B0CE46DEAE1B4ABCE477CA10E62DC525D89F4071B7B9E4F977E471C9D6B8E9672F31BF6855232DFBF5B2FD603CA5EFF
20220402174352 2 6 100 2047 2 EF33006302EA57E9A9E6152B7F7DFED4A8125E69B99E47DF2FB518DB689300FB1B5FE4FE79D7807382CE15A8D6C3E71DC5B096ACD68E48A5EDD9DE8F226F3AF0D35E4B8CB0E981ACC82D3B3E792587946D812F0194665A4D988CD694CCF1800176FD84F987738F6E9CCD12950D8DBE4E220F14F62CF4435852F0FD9FA866E333174818D47A591AE845E997F7DF5E36DA888D4986A18DD0AEDDF4A95E317DC37FEA281D87137CCB5BBCE3F026D02213A36B9014273468190DEAB22972E86DF0DBFDB30BC8001F3BE7B0FD0CEBB80EA2115B0CE46DEAE1B4ABCE477CA10E62DC525D89F4071B7B9E4F977E471C9D6B8E9672F31BF6855232DFBF5B2FD604393523
20220402174516 2 6 100 2047 5 EF33006302EA57E9A9E6152B7F7DFED4A8125E69B99E47DF2FB518DB689300FB1B5FE4FE79D7807382CE15A8D6C3E71DC5B096ACD68E48A5EDD9DE8F226F3AF0D35E4B8CB0E981ACC82D3B3E792587946D812F0194665A4D988CD694CCF1800176FD84F987738F6E9CCD12950D8DBE4E220F14F62CF4435852F0FD9FA866E333174818D47A591AE845E997F7DF5E36DA888D4986A18DD0AEDDF4A95E317DC37FEA281D87137CCB5BBCE3F026D02213A36B9014273468190DEAB22972E86DF0DBFDB30BC8001F3BE7B0FD0CEBB80EA2115B0CE46DEAE1B4ABCE477CA10E62DC525D89F4071B7B9E4F977E471C9D6B8E9672F31BF6855232DFBF5B2FD60550FA27
20220402174523 2 6 100 2047 2 EF33006302EA57E9A9E6152B7F7DFED4A8125E69B99E47DF2FB518DB689300FB1B5FE4FE79D7807382CE15A8D6C3E71DC5B096ACD68E48A5EDD9DE8F226F3AF0D35E4B8CB0E981ACC82D3B3E792587946D812F0194665A4D988CD694CCF1800176FD84F987738F6E9CCD12950D8DBE4E220F14F62CF4435852F0FD9FA866E333174818D47A591AE845E997F7DF5E36DA888D4986A18DD0AEDDF4A95E317DC37FEA281D87137CCB5BBCE3F026D02213A36B9014273468190DEAB22972E86DF0DBFDB30BC8001F3BE7B0FD0CEBB80EA2115B0CE46DEAE1B4ABCE477CA10E62DC525D89F4071B7B9E4F977E471C9D6B8E9672F31BF6855232DFBF5B2FD6055E8AE3
20220402174610 2 6 100 2047 2 EF33006302EA57E9A9E6152B7F7DFED4A8125E69B99E47DF2FB518DB689300FB1B5FE4FE79D7807382CE15A8D6C3E71DC5B096ACD68E48A5EDD9DE8F226F3AF0D35E4B8CB0E981ACC82D3B3E792587946D812F0194665A4D988CD694CCF1800176FD84F987738F6E9CCD12950D8DBE4E220F14F62CF4435852F0FD9FA866E333174818D47A591AE845E997F7DF5E36DA888D4986A18DD0AEDDF4A95E317DC37FEA281D87137CCB5BBCE3F026D02213A36B9014273468190DEAB22972E86DF0DBFDB30BC8001F3BE7B0FD0CEBB80EA2115B0CE46DEAE1B4ABCE477CA10E62DC525D89F4071B7B9E4F977E471C9D6B8E9672F31BF6855232DFBF5B2FD605F5233B
20220402174624 2 6 100 2047 5 EF33006302EA57E9A9E6152B7F7DFED4A8125E69B99E47DF2FB518DB689300FB1B5FE4FE79D7807382CE15A8D6C3E71DC5B096ACD68E48A5EDD9DE8F226F3AF0D35E4B8CB0E981ACC82D3B3E792587946D812F0194665A4D988CD694CCF1800176FD84F987738F6E9CCD12950D8DBE4E220F14F62CF4435852F0FD9FA866E333174818D47A591AE845E997F7DF5E36DA888D4986A18DD0AEDDF4A95E317DC37FEA281D87137CCB5BBCE3F026D02213A36B9014273468190DEAB22972E86DF0DBFDB30BC8001F3BE7B0FD0CEBB80EA2115B0CE46DEAE1B4ABCE477CA10E62DC525D89F4071B7B9E4F977E471C9D6B8E9672F31BF6855232DFBF5B2FD6061B85DF
20220402174640 2 6 100 2047 5 EF33006302EA57E9A9E6152B7F7DFED4A8125E69B99E47DF2FB518DB689300FB1B5FE4FE79D7807382CE15A8D6C3E71DC5B096ACD68E48A5EDD9DE8F226F3AF0D35E4B8CB0E981ACC82D3B3E792587946D812F0194665A4D988CD694CCF1800176FD84F987738F6E9CCD12950D8DBE4E220F14F62CF4435852F0FD9FA866E333174818D47A591AE845E997F7DF5E36DA888D4986A18DD0AEDDF4A95E317DC37FEA281D87137CCB5BBCE3F026D02213A36B9014273468190DEAB22972E86DF0DBFDB30BC8001F3BE7B0FD0CEBB80EA2115B0CE46DEAE1B4ABCE477CA10E62DC525D89F4071B7B9E4F977E471C9D6B8E9672F31BF6855232DFBF5B2FD606494C9F
20220402174645 2 6 100 2047 2 EF33006302EA57E9A9E6152B7F7DFED4A8125E69B99E47DF2FB518DB689300FB1B5FE4FE79D7807382CE15A8D6C3E71DC5B096ACD68E48A5EDD9DE8F226F3AF0D35E4B8CB0E981ACC82D3B3E792587946D812F0194665A4D988CD694CCF1800176FD84F987738F6E9CCD12950D8DBE4E220F14F62CF4435852F0FD9FA866E333174818D47A591AE845E997F7DF5E36DA888D4986A18DD0AEDDF4A95E317DC37FEA281D87137CCB5BBCE3F026D02213A36B9014273468190DEAB22972E86DF0DBFDB30BC8001F3BE7B0FD0CEBB80EA2115B0CE46DEAE1B4ABCE477CA10E62DC525D89F4071B7B9E4F977E471C9D6B8E9672F31BF6855232DFBF5B2FD60653BE23
20220402174726 2 6 100 2047 5 EF33006302EA57E9A9E6152B7F7DFED4A8125E69B99E47DF2FB518DB689300FB1B5FE4FE79D7807382CE15A8D6C3E71DC5B096ACD68E48A5EDD9DE8F226F3AF0D35E4B8CB0E981ACC82D3B3E792587946D812F0194665A4D988CD694CCF1800176FD84F987738F6E9CCD12950D8DBE4E220F14F62CF4435852F0FD9FA866E333174818D47A591AE845E997F7DF5E36DA888D4986A18DD0AEDDF4A95E317DC37FEA281D87137CCB5BBCE3F026D02213A36B9014273468190DEAB22972E86DF0DBFDB30BC8001F3BE7B0FD0CEBB80EA2115B0CE46DEAE1B4ABCE477CA10E62DC525D89F4071B7B9E4F977E471C9D6B8E9672F31BF6855232DFBF5B2FD606D91E37
20220402174734 2 6 100 2047 2 EF33006302EA57E9A9E6152B7F7DFED4A8125E69B99E47DF2FB518DB689300FB1B5FE4FE79D7807382CE15A8D6C3E71DC5B096ACD68E48A5EDD9DE8F226F3AF0D35E4B8CB0E981ACC82D3B3E792587946D812F0194665A4D988CD694CCF1800176FD84F987738F6E9CCD12950D8DBE4E220F14F62CF4435852F0FD9FA866E333174818D47A591AE845E997F7DF5E36DA888D4986A18DD0AEDDF4A95E317DC37FEA281D87137CCB5BBCE3F026D02213A36B9014273468190DEAB22972E86DF0DBFDB30BC8001F3BE7B0FD0CEBB80EA2115B0CE46DEAE1B4ABCE477CA10E62DC525D89F4071B7B9E4F977E471C9D6B8E9672F31BF6855232DFBF5B2FD606EB071B
20220402174836 2 6 100 2047 2 EF33006302EA57E9A9E6152B7F7DFED4A8125E69B99E47DF2FB518DB689300FB1B5FE4FE79D7807382CE15A8D6C3E71DC5B096ACD68E48A5EDD9DE8F226F3AF0D35E4B8CB0E981ACC82D3B3E792587946D812F0194665A4D988CD694CCF1800176FD84F987738F6E9CCD12950D8DBE4E220F14F62CF4435852F0FD9FA866E333174818D47A591AE845E997F7DF5E36DA888D4986A18DD0AEDDF4A95E317DC37FEA281D87137CCB5BBCE3F026D02213A36B9014273468190DEAB22972E86DF0DBFDB30BC8001F3BE7B0FD0CEBB80EA2115B0CE46DEAE1B4ABCE477CA10E62DC525D89F4071B7B9E4F977E471C9D6B8E9672F31BF6855232DFBF5B2FD607B6D4DB
20220402174847 2 6 100 2047 2 EF33006302EA57E9A9E6152B7F7DFED4A8125E69B99E47DF2FB518DB689300FB1B5FE4FE79D7807382CE15A8D6C3E71DC5B096ACD68E48A5EDD9DE8F226F3AF0D35E4B8CB0E981ACC82D3B3E792587946D812F0194665A4D988CD694CCF1800176FD84F987738F6E9CCD12950D8DBE4E220F14F62CF4435852F0FD9FA866E333174818D47A591AE845E997F7DF5E36DA888D4986A18DD0AEDDF4A95E317DC37FEA281D87137CCB5BBCE3F026D02213A36B9014273468190DEAB22972E86DF0DBFDB30BC8001F3BE7B0FD0CEBB80EA2115B0CE46DEAE1B4ABCE477CA10E62DC525D89F4071B7B9E4F977E471C9D6B8E9672F31BF6855232DFBF5B2FD607D47E53
