20170819144453 2 6 100 2047 5 DB5593B093FB440F733D98A37E46AA8AAEFE7111EDDC660E1BC2177BD4740AE4AC01CCBFF01AAF678769FD184CC5B6EB57D9C63A7CDC2645A721F9187ABA5503ACEBBC6CC9257B5D93752759F26399A0AB85E55976DD28D5A52A169EC217C8E1D8A5271C1230A8F2ADFB423E501745A5063B7D9B4ED81175E3DC3E350760C8F2DD0EC11D941B6E7515983BE5B7685996FA3D51BAA1253C77875E445636B9878998C00FC9071E971F597DB7FA70DE1564ADF6074A27CD18DA2DD9FC9AE953AAD6748133CC33AF1F2FADDCC8C7D017BBE8367246070EEBAE0B190731B74EC76DB2379F6A07C1219C79F5316A95171CC218FA4FD2E75DEB5BE10AB8198E84004A87
20170819144457 2 6 100 2047 5 DB5593B093FB440F733D98A37E46AA8AAEFE7111EDDC660E1BC2177BD4740AE4AC01CCBFF01AAF678769FD184CC5B6EB57D9C63A7CDC2645A721F9187ABA5503ACEBBC6CC9257B5D93752759F26399A0AB85E55976DD28D5A52A169EC217C8E1D8A5271C1230A8F2ADFB423E501745A5063B7D9B4ED81175E3DC3E350760C8F2DD0EC11D941B6E7515983BE5B7685996FA3D51BAA1253C77875E445636B9878998C00FC9071E971F597DB7FA70DE1564ADF6074A27CD18DA2DD9FC9AE953AAD6748133CC33AF1F2FADDCC8C7D017BBE8367246070EEBAE0B190731B74EC76DB2379F6A07C1219C79F5316A95171CC218FA4FD2E75DEB5BE10AB8198E8452EFEF
20170819144507 2 6 100 2047 5 DB5593B093FB440F733D98A37E46AA8AAEFE7111EDDC660E1BC2177BD4740AE4AC01CCBFF01AAF678769FD184CC5B6EB57D9C63A7CDC2645A721F9187ABA5503ACEBBC6CC9257B5D93752759F26399A0AB85E55976DD28D5A52A169EC217C8E1D8A5271C1230A8F2ADFB423E501745A5063B7D9B4ED81175E3DC3E350760C8F2DD0EC11D941B6E7515983BE5B7685996FA3D51BAA1253C77875E445636B9878998C00FC9071E971F597DB7FA70DE1564ADF6074A27CD18DA2DD9FC9AE953AAD6748133CC33AF1F2FADDCC8C7D017BBE8367246070EEBAE0B190731B74EC76DB2379F6A07C1219C79F5316A95171CC218FA4FD2E75DEB5BE10AB8198E85016C0F
20170819144510 2 6 100 2047 2 DB5593B093FB440F733D98A37E46AA8AAEFE7111EDDC660E1BC2177BD4740AE4AC01CCBFF01AAF678769FD184CC5B6EB57D9C63A7CDC2645A721F9187ABA5503ACEBBC6CC9257B5D93752759F26399A0AB85E55976DD28D5A52A169EC217C8E1D8A5271C1230A8F2ADFB423E501745A5063B7D9B4ED81175E3DC3E350760C8F2DD0EC11D941B6E7515983BE5B7685996FA3D51BAA1253C77875E445636B9878998C00FC9071E971F597DB7FA70DE1564ADF6074A27CD18DA2DD9FC9AE953AAD6748133CC33AF1F2FADDCC8C7D017BBE8367246070EEBAE0B190731B74EC76DB2379F6A07C1219C79F5316A95171CC218FA4FD2E75DEB5BE10AB8198E85352153
20170819144511 2 6 100 2047 5 DB5593B093FB440F733D98A37E46AA8AAEFE7111EDDC660E1BC2177BD4740AE4AC01CCBFF01AAF678769FD184CC5B6EB57D9C63A7CDC2645A721F9187ABA5503ACEBBC6CC9257B5D93752759F26399A0AB85E55976DD28D5A52A169EC217C8E1D8A5271C1230A8F2ADFB423E501745A5063B7D9B4ED81175E3DC3E350760C8F2DD0EC11D941B6E7515983BE5B7685996FA3D51BAA1253C77875E445636B9878998C00FC9071E971F597DB7FA70DE1564ADF6074A27CD18DA2DD9FC9AE953AAD6748133CC33AF1F2FADDCC8C7D017BBE8367246070EEBAE0B190731B74EC76DB2379F6A07C1219C79F5316A95171CC218FA4FD2E75DEB5BE10AB8198E854CFE4F
20170819144515 2 6 100 2047 2 DB5593B093FB440F733D98A37E46AA8AAEFE7111EDDC660E1BC2177BD4740AE4AC01CCBFF01AAF678769FD184CC5B6EB57D9C63A7CDC2645A721F9187ABA5503ACEBBC6CC9257B5D93752759F26399A0AB85E55976DD28D5A52A169EC217C8E1D8A5271C1230A8F2ADFB423E501745A5063B7D9B4ED81175E3DC3E350760C8F2DD0EC11D941B6E7515983BE5B7685996FA3D51BAA1253C77875E445636B9878998C00FC9071E971F597DB7FA70DE1564ADF6074A27CD18DA2DD9FC9AE953AAD6748133CC33AF1F2FADDCC8C7D017BBE8367246070EEBAE0B190731B74EC76DB2379F6A07C1219C79F5316A95171CC218FA4FD2E75DEB5BE10AB8198E8589BCC3
20170819144516 2 6 100 2047 5 DB5593B093FB440F733D98A37E46AA8AAEFE7111EDDC660E1BC2177BD4740AE4AC01CCBFF01AAF678769FD184CC5B6EB57D9C63A7CDC2645A721F9187ABA5503ACEBBC6CC9257B5D93752759F26399A0AB85E55976DD28D5A52A169EC217C8E1D8A5271C1230A8F2ADFB423E501745A5063B7D9B4ED81175E3DC3E350760C8F2DD0EC11D941B6E7515983BE5B7685996FA3D51BAA1253C77875E445636B9878998C00FC9071E971F597DB7FA70DE1564ADF6074A27CD18DA2DD9FC9AE953AAD6748133CC33AF1F2FADDCC8C7D017BBE8367246070EEBAE0B190731B74EC76DB2379F6A07C1219C79F5316A95171CC218FA4FD2E75DEB5BE10AB8198E85A13E6F
20170819144517 2 6 100 2047 5 DB5593B093FB440F733D98A37E46AA8AAEFE7111EDDC660E1BC2177BD4740AE4AC01CCBFF01AAF678769FD184CC5B6EB57D9C63A7CDC2645A721F9187ABA5503ACEBBC6CC9257B5D93752759F26399A0AB85E55976DD28D5A52A169EC217C8E1D8A5271C1230A8F2ADFB423E501745A5063B7D9B4ED81175E3DC3E350760C8F2DD0EC11D941B6E7515983BE5B7685996FA3D51BAA1253C77875E445636B9878998C00FC9071E971F597DB7FA70DE1564ADF6074A27CD18DA2DD9FC9AE953AAD6748133CC33AF1F2FADDCC8C7D017BBE8367246070EEBAE0B190731B74EC76DB2379F6A07C1219C79F5316A95171CC218FA4FD2E75DEB5BE10AB8198E85A70647
20170819144523 2 6 100 2047 2 DB5593B093FB440F733D98A37E46AA8AAEFE7111EDDC660E1BC2177BD4740AE4AC01CCBFF01AAF678769FD184CC5B6EB57D9C63A7CDC2645A721F9187ABA5503ACEBBC6CC9257B5D93752759F26399A0AB85E55976DD28D5A52A169EC217C8E1D8A5271C1230A8F2ADFB423E501745A5063B7D9B4ED81175E3DC3E350760C8F2DD0EC11D941B6E7515983BE5B7685996FA3D51BAA1253C77875E445636B9878998C00FC9071E971F597DB7FA70DE1564ADF6074A27CD18DA2DD9FC9AE953AAD6748133CC33AF1F2FADDCC8C7D017BBE8367246070EEBAE0B190731B74EC76DB2379F6A07C1219C79F5316A95171CC218FA4FD2E75DEB5BE10AB8198E861A560B
20170819144525 2 6 100 2047 5 DB5593B093FB440F733D98A37E46AA8AAEFE7111EDDC660E1BC2177BD4740AE4AC01CCBFF01AAF678769FD184CC5B6EB57D9C63A7CDC2645A721F9187ABA5503ACEBBC6CC9257B5D93752759F26399A0AB85E55976DD28D5A52A169EC217C8E1D8A5271C1230A8F2ADFB423E501745A5063B7D9B4ED81175E3DC3E350760C8F2DD0EC11D941B6E7515983BE5B7685996FA3D51BAA1253C77875E445636B9878998C00FC9071E971F597DB7FA70DE1564ADF6074A27CD18DA2DD9FC9AE953AAD6748133CC33AF1F2FADDCC8C7D017BBE8367246070EEBAE0B190731B74EC76DB2379F6A07C1219C79F5316A95171CC218FA4FD2E75DEB5BE10AB8198E863CDB3F
20170819144527 2 6 100 2047 2 DB5593B093FB440F733D98A37E46AA8AAEFE7111EDDC660E1BC2177BD4740AE4AC01CCBFF01AAF678769FD184CC5B6EB57D9C63A7CDC2645A721F9187ABA5503ACEBBC6CC9257B5D93752759F26399A0AB85E55976DD28D5A52A169EC217C8E1D8A5271C1230A8F2ADFB423E501745A5063B7D9B4ED81175E3DC3E350760C8F2DD0EC11D941B6E7515983BE5B7685996FA3D51BAA1253C77875E445636B9878998C00FC9071E971F597DB7FA70DE1564ADF6074A27CD18DA2DD9FC9AE953AAD6748133CC33AF1F2FADDCC8C7D017BBE8367246070EEBAE0B190731B74EC76DB2379F6A07C1219C79F5316A95171CC218FA4FD2E75DEB5BE10AB8198E8656B69B
20170819144531 2 6 100 2047 5 DB5593B093FB440F733D98A37E46AA8AAEFE7111EDDC660E1BC2177BD4740AE4AC01CCBFF01AAF678769FD184CC5B6EB57D9C63A7CDC2645A721F9187ABA5503ACEBBC6CC9257B5D93752759F26399A0AB85E55976DD28D5A52A169EC217C8E1D8A5271C1230A8F2ADFB423E501745A5063B7D9B4ED81175E3DC3E350760C8F2DD0EC11D941B6E7515983BE5B7685996FA3D51BAA1253C77875E445636B9878998C00FC9071E971F597DB7FA70DE1564ADF6074A27CD18DA2DD9FC9AE953AAD6748133CC33AF1F2FADDCC8C7D017BBE8367246070EEBAE0B190731B74EC76DB2379F6A07C1219C79F5316A95171CC218FA4FD2E75DEB5BE10AB8198E869F567F
20170819144532 2 6 100 2047 2 DB5593B093FB440F733D98A37E46AA8AAEFE7111EDDC660E1BC2177BD4740AE4AC01CCBFF01AAF678769FD184CC5B6EB57D9C63A7CDC2645A721F9187ABA5503ACEBBC6CC9257B5D93752759F26399A0AB85E55976DD28D5A52A169EC217C8E1D8A5271C1230A8F2ADFB423E501745A5063B7D9B4ED81175E3DC3E350760C8F2DD0EC11D941B6E7515983BE5B7685996FA3D51BAA1253C77875E445636B9878998C00FC9071E971F597DB7FA70DE1564ADF6074A27CD18DA2DD9FC9AE953AAD6748133CC33AF1F2FADDCC8C7D017BBE8367246070EEBAE0B190731B74EC76DB2379F6A07C1219C79F5316A95171CC218FA4FD2E75DEB5BE10AB8198E86AD3853
20170819144535 2 6 100 2047 5 DB5593B093FB440F733D98A37E46AA8AAEFE7111EDDC660E1BC2177BD4740AE4AC01CCBFF01AAF678769FD184CC5B6EB57D9C63A7CDC2645A721F9187ABA5503ACEBBC6CC9257B5D93752759F26399A0AB85E55976DD28D5A52A169EC217C8E1D8A5271C1230A8F2ADFB423E501745A5063B7D9B4ED81175E3DC3E350760C8F2DD0EC11D941B6E7515983BE5B7685996FA3D51BAA1253C77875E445636B9878998C00FC9071E971F597DB7FA70DE1564ADF6074A27CD18DA2DD9FC9AE953AAD6748133CC33AF1F2FADDCC8C7D017BBE8367246070EEBAE0B190731B74EC76DB2379F6A07C1219C79F5316A95171CC218FA4FD2E75DEB5BE10AB8198E86D2DBB7
20170819144546 2 6 100 2047 5 DB5593B093FB440F733D98A37E46AA8AAEFE7111EDDC660E1BC2177BD4740AE4AC01CCBFF01AAF678769FD184CC5B6EB57D9C63A7CDC2645A721F9187ABA5503ACEBBC6CC9257B5D93752759F26399A0AB85E55976DD28D5A52A169EC217C8E1D8A5271C1230A8F2ADFB423E501745A5063B7D9B4ED81175E3DC3E350760C8F2DD0EC11D941B6E7515983BE5B7685996FA3D51BAA1253C77875E445636B9878998C00FC9071E971F597DB7FA70DE1564ADF6074A27CD18DA2DD9FC9AE953AAD6748133CC33AF1F2FADDCC8C7D017BBE8367246070EEBAE0B190731B74EC76DB2379F6A07C1219C79F5316A95171CC218FA4FD2E75DEB5BE10AB8198E87A28BAF
20170819144552 2 6 100 2047 5 DB5593B093FB440F733D98A37E46AA8AAEFE7111EDDC660E1BC2177BD4740AE4AC01CCBFF01AAF678769FD184CC5B6EB57D9C63A7CDC2645A721F9187ABA5503ACEBBC6CC9257B5D93752759F26399A0AB85E55976DD28D5A52A169EC217C8E1D8A5271C1230A8F2ADFB423E501745A5063B7D9B4ED81175E3DC3E350760C8F2DD0EC11D941B6E7515983BE5B7685996FA3D51BAA1253C77875E445636B9878998C00FC9071E971F597DB7FA70DE1564ADF6074A27CD18DA2DD9FC9AE953AAD6748133CC33AF1F2FADDCC8C7D017BBE8367246070EEBAE0B190731B74EC76DB2379F6A07C1219C79F5316A95171CC218FA4FD2E75DEB5BE10AB8198E88168A6F
20170819144554 2 6 100 2047 2 DB5593B093FB440F733D98A37E46AA8AAEFE7111EDDC660E1BC2177BD4740AE4AC01CCBFF01AAF678769FD184CC5B6EB57D9C63A7CDC2645A721F9187ABA5503ACEBBC6CC9257B5D93752759F26399A0AB85E55976DD28D5A52A169EC217C8E1D8A5271C1230A8F2ADFB423E501745A5063B7D9B4ED81175E3DC3E350760C8F2DD0EC11D941B6E7515983BE5B7685996FA3D51BAA1253C77875E445636B9878998C00FC9071E971F597DB7FA70DE1564ADF6074A27CD18DA2DD9FC9AE953AAD6748133CC33AF1F2FADDCC8C7D017BBE8367246070EEBAE0B190731B74EC76DB2379F6A07C1219C79F5316A95171CC218FA4FD2E75DEB5BE10AB8198E88347BAB
20170819144555 2 6 100 2047 5 DB5593B093FB440F733D98A37E46AA8AAEFE7111EDDC660E1BC2177BD4740AE4AC01CCBFF01AAF678769FD184CC5B6EB57D9C63A7CDC2645A721F9187ABA5503ACEBBC6CC9257B5D93752759F26399A0AB85E55976DD28D5A52A169EC217C8E1D8A5271C1230A8F2ADFB423E501745A5063B7D9B4ED81175E3DC3E350760C8F2DD0EC11D941B6E7515983BE5B7685996FA3D51BAA1253C77875E445636B9878998C00FC9071E971F597DB7FA70DE1564ADF6074A27CD18DA2DD9FC9AE953AAD6748133CC33AF1F2FADDCC8C7D017BBE8367246070EEBAE0B190731B74EC76DB2379F6A07C1219C79F5316A95171CC218FA4FD2E75DEB5BE10AB8198E883F4EC7
20170819144556 2 6 100 2047 2 DB5593B093FB440F733D98A37E46AA8AAEFE7111EDDC660E1BC2177BD4740AE4AC01CCBFF01AAF678769FD184CC5B6EB57D9C63A7CDC2645A721F9187ABA5503ACEBBC6CC9257B5D93752759F26399A0AB85E55976DD28D5A52A169EC217C8E1D8A5271C1230A8F2ADFB423E501745A5063B7D9B4ED81175E3DC3E350760C8F2DD0EC11D941B6E7515983BE5B7685996FA3D51BAA1253C77875E445636B9878998C00FC9071E971F597DB7FA70DE1564ADF6074A27CD18DA2DD9FC9AE953AAD6748133CC33AF1F2FADDCC8C7D017BBE8367246070EEBAE0B190731B74EC76DB2379F6A07C1219C79F5316A95171CC218FA4FD2E75DEB5BE10AB8198E8848458B
20170819144559 2 6 100 2047 2 DB5593B093FB440F733D98A37E46AA8AAEFE7111EDDC660E1BC2177BD4740AE4AC01CCBFF01AAF678769FD184CC5B6EB57D9C63A7CDC2645A721F9187ABA5503ACEBBC6CC9257B5D93752759F26399A0AB85E55976DD28D5A52A169EC217C8E1D8A5271C1230A8F2ADFB423E501745A5063B7D9B4ED81175E3DC3E350760C8F2DD0EC11D941B6E7515983BE5B7685996FA3D51BAA1253C77875E445636B9878998C00FC9071E971F597DB7FA70DE1564ADF6074A27CD18DA2DD9FC9AE953AAD6748133CC33AF1F2FADDCC8C7D017BBE8367246070EEBAE0B190731B74EC76DB2379F6A07C1219C79F5316A95171CC218FA4FD2E75DEB5BE10AB8198E887B50CB
20170819144601 2 6 100 2047 5 DB5593B093FB440F733D98A37E46AA8AAEFE7111EDDC660E1BC2177BD4740AE4AC01CCBFF01AAF678769FD184CC5B6EB57D9C63A7CDC2645A721F9187ABA5503ACEBBC6CC9257B5D93752759F26399A0AB85E55976DD28D5A52A169EC217C8E1D8A5271C1230A8F2ADFB423E501745A5063B7D9B4ED81175E3DC3E350760C8F2DD0EC11D941B6E7515983BE5B7685996FA3D51BAA1253C77875E445636B9878998C00FC9071E971F597DB7FA70DE1564ADF6074A27CD18DA2DD9FC9AE953AAD6748133CC33AF1F2FADDCC8C7D017BBE8367246070EEBAE0B190731B74EC76DB2379F6A07C1219C79F5316A95171CC218FA4FD2E75DEB5BE10AB8198E88971107
20170819144602 2 6 100 2047 2 DB5593B093FB440F733D98A37E46AA8AAEFE7111EDDC660E1BC2177BD4740AE4AC01CCBFF01AAF678769FD184CC5B6EB57D9C63A7CDC2645A721F9187ABA5503ACEBBC6CC9257B5D93752759F26399A0AB85E55976DD28D5A52A169EC217C8E1D8A5271C1230A8F2ADFB423E501745A5063B7D9B4ED81175E3DC3E350760C8F2DD0EC11D941B6E7515983BE5B7685996FA3D51BAA1253C77875E445636B9878998C00FC9071E971F597DB7FA70DE1564ADF6074A27CD18DA2DD9FC9AE953AAD6748133CC33AF1F2FADDCC8C7D017BBE8367246070EEBAE0B190731B74EC76DB2379F6A07C1219C79F5316A95171CC218FA4FD2E75DEB5BE10AB8198E88A38E23
20170819144608 2 6 100 2047 2 DB5593B093FB440F733D98A37E46AA8AAEFE7111EDDC660E1BC2177BD4740AE4AC01CCBFF01AAF678769FD184CC5B6EB57D9C63A7CDC2645A721F9187ABA5503ACEBBC6CC9257B5D93752759F26399A0AB85E55976DD28D5A52A169EC217C8E1D8A5271C1230A8F2ADFB423E501745A5063B7D9B4ED81175E3DC3E350760C8F2DD0EC11D941B6E7515983BE5B7685996FA3D51BAA1253C77875E445636B9878998C00FC9071E971F597DB7FA70DE1564ADF6074A27CD18DA2DD9FC9AE953AAD6748133CC33AF1F2FADDCC8C7D017BBE8367246070EEBAE0B190731B74EC76DB2379F6A07C1219C79F5316A95171CC218FA4FD2E75DEB5BE10AB8198E89116B0B
20170819144612 2 6 100 2047 2 DB5593B093FB440F733D98A37E46AA8AAEFE7111EDDC660E1BC2177BD4740AE4AC01CCBFF01AAF678769FD184CC5B6EB57D9C63A7CDC2645A721F9187ABA5503ACEBBC6CC9257B5D93752759F26399A0AB85E55976DD28D5A52A169EC217C8E1D8A5271C1230A8F2ADFB423E501745A5063B7D9B4ED81175E3DC3E350760C8F2DD0EC11D941B6E7515983BE5B7685996FA3D51BAA1253C77875E445636B9878998C00FC9071E971F597DB7FA70DE1564ADF6074A27CD18DA2DD9FC9AE953AAD6748133CC33AF1F2FADDCC8C7D017BBE8367246070EEBAE0B190731B74EC76DB2379F6A07C1219C79F5316A95171CC218FA4FD2E75DEB5BE10AB8198E895D4C83
20170819144618 2 6 100 2047 2 DB5593B093FB440F733D98A37E46AA8AAEFE7111EDDC660E1BC2177BD4740AE4AC01CCBFF01AAF678769FD184CC5B6EB57D9C63A7CDC2645A721F9187ABA5503ACEBBC6CC9257B5D93752759F26399A0AB85E55976DD28D5A52A169EC217C8E1D8A5271C1230A8F2ADFB423E501745A5063B7D9B4ED81175E3DC3E350760C8F2DD0EC11D941B6E7515983BE5B7685996FA3D51BAA1253C77875E445636B9878998C00FC9071E971F597DB7FA70DE1564ADF6074A27CD18DA2DD9FC9AE953AAD6748133CC33AF1F2FADDCC8C7D017BBE8367246070EEBAE0B190731B74EC76DB2379F6A07C1219C79F5316A95171CC218FA4FD2E75DEB5BE10AB8198E89C63F63
20170819144620 2 6 100 2047 2 DB5593B093FB440F733D98A37E46AA8AAEFE7111EDDC660E1BC2177BD4740AE4AC01CCBFF01AAF678769FD184CC5B6EB57D9C63A7CDC2645A721F9187ABA5503ACEBBC6CC9257B5D93752759F26399A0AB85E55976DD28D5A52A169EC217C8E1D8A5271C1230A8F2ADFB423E501745A5063B7D9B4ED81175E3DC3E350760C8F2DD0EC11D941B6E7515983BE5B7685996FA3D51BAA1253C77875E445636B9878998C00FC9071E971F597DB7FA70DE1564ADF6074A27CD18DA2DD9FC9AE953AAD6748133CC33AF1F2FADDCC8C7D017BBE8367246070EEBAE0B190731B74EC76DB2379F6A07C1219C79F5316A95171CC218FA4FD2E75DEB5BE10AB8198E89E24B9B
20170819144621 2 6 100 2047 2 DB5593B093FB440F733D98A37E46AA8AAEFE7111EDDC660E1BC2177BD4740AE4AC01CCBFF01AAF678769FD184CC5B6EB57D9C63A7CDC2645A721F9187ABA5503ACEBBC6CC9257B5D93752759F26399A0AB85E55976DD28D5A52A169EC217C8E1D8A5271C1230A8F2ADFB423E501745A5063B7D9B4ED81175E3DC3E350760C8F2DD0EC11D941B6E7515983BE5B7685996FA3D51BAA1253C77875E445636B9878998C00FC9071E971F597DB7FA70DE1564ADF6074A27CD18DA2DD9FC9AE953AAD6748133CC33AF1F2FADDCC8C7D017BBE8367246070EEBAE0B190731B74EC76DB2379F6A07C1219C79F5316A95171CC218FA4FD2E75DEB5BE10AB8198E89EB201B
20170819144622 2 6 100 2047 2 DB5593B093FB440F733D98A37E46AA8AAEFE7111EDDC660E1BC2177BD4740AE4AC01CCBFF01AAF678769FD184CC5B6EB57D9C63A7CDC2645A721F9187ABA5503ACEBBC6CC9257B5D93752759F26399A0AB85E55976DD28D5A52A169EC217C8E1D8A5271C1230A8F2ADFB423E501745A5063B7D9B4ED81175E3DC3E350760C8F2DD0EC11D941B6E7515983BE5B7685996FA3D51BAA1253C77875E445636B9878998C00FC9071E971F597DB7FA70DE1564ADF6074A27CD18DA2DD9FC9AE953AAD6748133CC33AF1F2FADDCC8C7D017BBE8367246070EEBAE0B190731B74EC76DB2379F6A07C1219C79F5316A95171CC218FA4FD2E75DEB5BE10AB8198E8A0115D3
20170819144629 2 6 100 2047 2 DB5593B093FB440F733D98A37E46AA8AAEFE7111EDDC660E1BC2177BD4740AE4AC01CCBFF01AAF678769FD184CC5B6EB57D9C63A7CDC2645A721F9187ABA5503ACEBBC6CC9257B5D93752759F26399A0AB85E55976DD28D5A52A169EC217C8E1D8A5271C1230A8F2ADFB423E501745A5063B7D9B4ED81175E3DC3E350760C8F2DD0EC11D941B6E7515983BE5B7685996FA3D51BAA1253C77875E445636B9878998C00FC9071E971F597DB7FA70DE1564ADF6074A27CD18DA2DD9FC9AE953AAD6748133CC33AF1F2FADDCC8C7D017BBE8367246070EEBAE0B190731B74EC76DB2379F6A07C1219C79F5316A95171CC218FA4FD2E75DEB5BE10AB8198E8A81B52B
20170819144633 2 6 100 2047 5 DB5593B093FB440F733D98A37E46AA8AAEFE7111EDDC660E1BC2177BD4740AE4AC01CCBFF01AAF678769FD184CC5B6EB57D9C63A7CDC2645A721F9187ABA5503ACEBBC6CC9257B5D93752759F26399A0AB85E55976DD28D5A52A169EC217C8E1D8A5271C1230A8F2ADFB423E501745A5063B7D9B4ED81175E3DC3E350760C8F2DD0EC11D941B6E7515983BE5B7685996FA3D51BAA1253C77875E445636B9878998C00FC9071E971F597DB7FA70DE1564ADF6074A27CD18DA2DD9FC9AE953AAD6748133CC33AF1F2FADDCC8C7D017BBE8367246070EEBAE0B190731B74EC76DB2379F6A07C1219C79F5316A95171CC218FA4FD2E75DEB5BE10AB8198E8AC89F0F
20170819144635 2 6 100 2047 2 DB5593B093FB440F733D98A37E46AA8AAEFE7111EDDC660E1BC2177BD4740AE4AC01CCBFF01AAF678769FD184CC5B6EB57D9C63A7CDC2645A721F9187ABA5503ACEBBC6CC9257B5D93752759F26399A0AB85E55976DD28D5A52A169EC217C8E1D8A5271C1230A8F2ADFB423E501745A5063B7D9B4ED81175E3DC3E350760C8F2DD0EC11D941B6E7515983BE5B7685996FA3D51BAA1253C77875E445636B9878998C00FC9071E971F597DB7FA70DE1564ADF6074A27CD18DA2DD9FC9AE953AAD6748133CC33AF1F2FADDCC8C7D017BBE8367246070EEBAE0B190731B74EC76DB2379F6A07C1219C79F5316A95171CC218FA4FD2E75DEB5BE10AB8198E8AE159AB
20170819144636 2 6 100 2047 2 DB5593B093FB440F733D98A37E46AA8AAEFE7111EDDC660E1BC2177BD4740AE4AC01CCBFF01AAF678769FD184CC5B6EB57D9C63A7CDC2645A721F9187ABA5503ACEBBC6CC9257B5D93752759F26399A0AB85E55976DD28D5A52A169EC217C8E1D8A5271C1230A8F2ADFB423E501745A5063B7D9B4ED81175E3DC3E350760C8F2DD0EC11D941B6E7515983BE5B7685996FA3D51BAA1253C77875E445636B9878998C00FC9071E971F597DB7FA70DE1564ADF6074A27CD18DA2DD9FC9AE953AAD6748133CC33AF1F2FADDCC8C7D017BBE8367246070EEBAE0B190731B74EC76DB2379F6A07C1219C79F5316A95171CC218FA4FD2E75DEB5BE10AB8198E8AE9BF5B
20170819144640 2 6 100 2047 2 DB5593B093FB440F733D98A37E46AA8AAEFE7111EDDC660E1BC2177BD4740AE4AC01CCBFF01AAF678769FD184CC5B6EB57D9C63A7CDC2645A721F9187ABA5503ACEBBC6CC9257B5D93752759F26399A0AB85E55976DD28D5A52A169EC217C8E1D8A5271C1230A8F2ADFB423E501745A5063B7D9B4ED81175E3DC3E350760C8F2DD0EC11D941B6E7515983BE5B7685996FA3D51BAA1253C77875E445636B9878998C00FC9071E971F597DB7FA70DE1564ADF6074A27CD18DA2DD9FC9AE953AAD6748133CC33AF1F2FADDCC8C7D017BBE8367246070EEBAE0B190731B74EC76DB2379F6A07C1219C79F5316A95171CC218FA4FD2E75DEB5BE10AB8198E8B2FE3DB
20170819144643 2 6 100 2047 2 DB5593B093FB440F733D98A37E46AA8AAEFE7111EDDC660E1BC2177BD4740AE4AC01CCBFF01AAF678769FD184CC5B6EB57D9C63A7CDC2645A721F9187ABA5503ACEBBC6CC9257B5D93752759F26399A0AB85E55976DD28D5A52A169EC217C8E1D8A5271C1230A8F2ADFB423E501745A5063B7D9B4ED81175E3DC3E350760C8F2DD0EC11D941B6E7515983BE5B7685996FA3D51BAA1253C77875E445636B9878998C00FC9071E971F597DB7FA70DE1564ADF6074A27CD18DA2DD9FC9AE953AAD6748133CC33AF1F2FADDCC8C7D017BBE8367246070EEBAE0B190731B74EC76DB2379F6A07C1219C79F5316A95171CC218FA4FD2E75DEB5BE10AB8198E8B6C5EAB
