20160411012241 2 6 100 2047 5 E4A8D6B2974C56CD3939CB0B5C11D775A7C69854FA865EB45CA17BFFE87470AE99F5C7A6A66F8F4039D1E454DC71752BA872F90B80443E921872E62F512FABC8E19EE589B40B7CB2A2CA43DC1BE9A2E5DC19CD914DEDB2362CDCE5B84AA0D9E24217B553FE21D59D1D4E8921D89EBB9309AD75B2A4152FEEDA5B962FD8259E4DE7CD6714CA46729C6FF134364F471CA987934572B7B8ADD4699766F0BDD8AB608AAB788A6359BE5BB562DD43E082D7C58D21A54EF3083B365F73293DC65F2F0AB6F4B7009DCA1A520059991B7EE7EAF8F874F859236B36CA385DCF21A89B2BA20C936D4F8AD65115F3CD6EAF102F3EE63C1B0BC75A59B8CED7D86FA00FEC499F
20160411012243 2 6 100 2047 2 E4A8D6B2974C56CD3939CB0B5C11D775A7C69854FA865EB45CA17BFFE87470AE99F5C7A6A66F8F4039D1E454DC71752BA872F90B80443E921872E62F512FABC8E19EE589B40B7CB2A2CA43DC1BE9A2E5DC19CD914DEDB2362CDCE5B84AA0D9E24217B553FE21D59D1D4E8921D89EBB9309AD75B2A4152FEEDA5B962FD8259E4DE7CD6714CA46729C6FF134364F471CA987934572B7B8ADD4699766F0BDD8AB608AAB788A6359BE5BB562DD43E082D7C58D21A54EF3083B365F73293DC65F2F0AB6F4B7009DCA1A520059991B7EE7EAF8F874F859236B36CA385DCF21A89B2BA20C936D4F8AD65115F3CD6EAF102F3EE63C1B0BC75A59B8CED7D86FA00FF6B553
20160411012251 2 6 100 2047 5 E4A8D6B2974C56CD3939CB0B5C11D775A7C69854FA865EB45CA17BFFE87470AE99F5C7A6A66F8F4039D1E454DC71752BA872F90B80443E921872E62F512FABC8E19EE589B40B7CB2A2CA43DC1BE9A2E5DC19CD914DEDB2362CDCE5B84AA0D9E24217B553FE21D59D1D4E8921D89EBB9309AD75B2A4152FEEDA5B962FD8259E4DE7CD6714CA46729C6FF134364F471CA987934572B7B8ADD4699766F0BDD8AB608AAB788A6359BE5BB562DD43E082D7C58D21A54EF3083B365F73293DC65F2F0AB6F4B7009DCA1A520059991B7EE7EAF8F874F859236B36CA385DCF21A89B2BA20C936D4F8AD65115F3CD6EAF102F3EE63C1B0BC75A59B8CED7D86FA01036BAA7
20160411012257 2 6 100 2047 2 E4A8D6B2974C56CD3939CB0B5C11D775A7C69854FA865EB45CA17BFFE87470AE99F5C7A6A66F8F4039D1E454DC71752BA872F90B80443E921872E62F512FABC8E19EE589B40B7CB2A2CA43DC1BE9A2E5DC19CD914DEDB2362CDCE5B84AA0D9E24217B553FE21D59D1D4E8921D89EBB9309AD75B2A4152FEEDA5B962FD8259E4DE7CD6714CA46729C6FF134364F471CA987934572B7B8ADD4699766F0BDD8AB608AAB788A6359BE5BB562DD43E082D7C58D21A54EF3083B365F73293DC65F2F0AB6F4B7009DCA1A520059991B7EE7EAF8F874F859236B36CA385DCF21A89B2BA20C936D4F8AD65115F3CD6EAF102F3EE63C1B0BC75A59B8CED7D86FA0106C591B
20160411012303 2 6 100 2047 2 E4A8D6B2974C56CD3939CB0B5C11D775A7C69854FA865EB45CA17BFFE87470AE99F5C7A6A66F8F4039D1E454DC71752BA872F90B80443E921872E62F512FABC8E19EE589B40B7CB2A2CA43DC1BE9A2E5DC19CD914DEDB2362CDCE5B84AA0D9E24217B553FE21D59D1D4E8921D89EBB9309AD75B2A4152FEEDA5B962FD8259E4DE7CD6714CA46729C6FF134364F471CA987934572B7B8ADD4699766F0BDD8AB608AAB788A6359BE5BB562DD43E082D7C58D21A54EF3083B365F73293DC65F2F0AB6F4B7009DCA1A520059991B7EE7EAF8F874F859236B36CA385DCF21A89B2BA20C936D4F8AD65115F3CD6EAF102F3EE63C1B0BC75A59B8CED7D86FA0109716C3
20160411012306 2 6 100 2047 2 E4A8D6B2974C56CD3939CB0B5C11D775A7C69854FA865EB45CA17BFFE87470AE99F5C7A6A66F8F4039D1E454DC71752BA872F90B80443E921872E62F512FABC8E19EE589B40B7CB2A2CA43DC1BE9A2E5DC19CD914DEDB2362CDCE5B84AA0D9E24217B553FE21D59D1D4E8921D89EBB9309AD75B2A4152FEEDA5B962FD8259E4DE7CD6714CA46729C6FF134364F471CA987934572B7B8ADD4699766F0BDD8AB608AAB788A6359BE5BB562DD43E082D7C58D21A54EF3083B365F73293DC65F2F0AB6F4B7009DCA1A520059991B7EE7EAF8F874F859236B36CA385DCF21A89B2BA20C936D4F8AD65115F3CD6EAF102F3EE63C1B0BC75A59B8CED7D86FA010A9A3AB
20160411012308 2 6 100 2047 5 E4A8D6B2974C56CD3939CB0B5C11D775A7C69854FA865EB45CA17BFFE87470AE99F5C7A6A66F8F4039D1E454DC71752BA872F90B80443E921872E62F512FABC8E19EE589B40B7CB2A2CA43DC1BE9A2E5DC19CD914DEDB2362CDCE5B84AA0D9E24217B553FE21D59D1D4E8921D89EBB9309AD75B2A4152FEEDA5B962FD8259E4DE7CD6714CA46729C6FF134364F471CA987934572B7B8ADD4699766F0BDD8AB608AAB788A6359BE5BB562DD43E082D7C58D21A54EF3083B365F73293DC65F2F0AB6F4B7009DCA1A520059991B7EE7EAF8F874F859236B36CA385DCF21A89B2BA20C936D4F8AD65115F3CD6EAF102F3EE63C1B0BC75A59B8CED7D86FA010B85167
20160411012314 2 6 100 2047 2 E4A8D6B2974C56CD3939CB0B5C11D775A7C69854FA865EB45CA17BFFE87470AE99F5C7A6A66F8F4039D1E454DC71752BA872F90B80443E921872E62F512FABC8E19EE589B40B7CB2A2CA43DC1BE9A2E5DC19CD914DEDB2362CDCE5B84AA0D9E24217B553FE21D59D1D4E8921D89EBB9309AD75B2A4152FEEDA5B962FD8259E4DE7CD6714CA46729C6FF134364F471CA987934572B7B8ADD4699766F0BDD8AB608AAB788A6359BE5BB562DD43E082D7C58D21A54EF3083B365F73293DC65F2F0AB6F4B7009DCA1A520059991B7EE7EAF8F874F859236B36CA385DCF21A89B2BA20C936D4F8AD65115F3CD6EAF102F3EE63C1B0BC75A59B8CED7D86FA010EC5C73
20160411012320 2 6 100 2047 2 E4A8D6B2974C56CD3939CB0B5C11D775A7C69854FA865EB45CA17BFFE87470AE99F5C7A6A66F8F4039D1E454DC71752BA872F90B80443E921872E62F512FABC8E19EE589B40B7CB2A2CA43DC1BE9A2E5DC19CD914DEDB2362CDCE5B84AA0D9E24217B553FE21D59D1D4E8921D89EBB9309AD75B2A4152FEEDA5B962FD8259E4DE7CD6714CA46729C6FF134364F471CA987934572B7B8ADD4699766F0BDD8AB608AAB788A6359BE5BB562DD43E082D7C58D21A54EF3083B365F73293DC65F2F0AB6F4B7009DCA1A520059991B7EE7EAF8F874F859236B36CA385DCF21A89B2BA20C936D4F8AD65115F3CD6EAF102F3EE63C1B0BC75A59B8CED7D86FA0111B299B
20160411012334 2 6 100 2047 2 E4A8D6B2974C56CD3939CB0B5C11D775A7C69854FA865EB45CA17BFFE87470AE99F5C7A6A66F8F4039D1E454DC71752BA872F90B80443E921872E62F512FABC8E19EE589B40B7CB2A2CA43DC1BE9A2E5DC19CD914DEDB2362CDCE5B84AA0D9E24217B553FE21D59D1D4E8921D89EBB9309AD75B2A4152FEEDA5B962FD8259E4DE7CD6714CA46729C6FF134364F471CA987934572B7B8ADD4699766F0BDD8AB608AAB788A6359BE5BB562DD43E082D7C58D21A54EF3083B365F73293DC65F2F0AB6F4B7009DCA1A520059991B7EE7EAF8F874F859236B36CA385DCF21A89B2BA20C936D4F8AD65115F3CD6EAF102F3EE63C1B0BC75A59B8CED7D86FA011950A43
20160411012335 2 6 100 2047 5 E4A8D6B2974C56CD3939CB0B5C11D775A7C69854FA865EB45CA17BFFE87470AE99F5C7A6A66F8F4039D1E454DC71752BA872F90B80443E921872E62F512FABC8E19EE589B40B7CB2A2CA43DC1BE9A2E5DC19CD914DEDB2362CDCE5B84AA0D9E24217B553FE21D59D1D4E8921D89EBB9309AD75B2A4152FEEDA5B962FD8259E4DE7CD6714CA46729C6FF134364F471CA987934572B7B8ADD4699766F0BDD8AB608AAB788A6359BE5BB562DD43E082D7C58D21A54EF3083B365F73293DC65F2F0AB6F4B7009DCA1A520059991B7EE7EAF8F874F859236B36CA385DCF21A89B2BA20C936D4F8AD65115F3CD6EAF102F3EE63C1B0BC75A59B8CED7D86FA011958027
20160411012353 2 6 100 2047 5 E4A8D6B2974C56CD3939CB0B5C11D775A7C69854FA865EB45CA17BFFE87470AE99F5C7A6A66F8F4039D1E454DC71752BA872F90B80443E921872E62F512FABC8E19EE589B40B7CB2A2CA43DC1BE9A2E5DC19CD914DEDB2362CDCE5B84AA0D9E24217B553FE21D59D1D4E8921D89EBB9309AD75B2A4152FEEDA5B962FD8259E4DE7CD6714CA46729C6FF134364F471CA987934572B7B8ADD4699766F0BDD8AB608AAB788A6359BE5BB562DD43E082D7C58D21A54EF3083B365F73293DC65F2F0AB6F4B7009DCA1A520059991B7EE7EAF8F874F859236B36CA385DCF21A89B2BA20C936D4F8AD65115F3CD6EAF102F3EE63C1B0BC75A59B8CED7D86FA012377487
20160411012358 2 6 100 2047 2 E4A8D6B2974C56CD3939CB0B5C11D775A7C69854FA865EB45CA17BFFE87470AE99F5C7A6A66F8F4039D1E454DC71752BA872F90B80443E921872E62F512FABC8E19EE589B40B7CB2A2CA43DC1BE9A2E5DC19CD914DEDB2362CDCE5B84AA0D9E24217B553FE21D59D1D4E8921D89EBB9309AD75B2A4152FEEDA5B962FD8259E4DE7CD6714CA46729C6FF134364F471CA987934572B7B8ADD4699766F0BDD8AB608AAB788A6359BE5BB562DD43E082D7C58D21A54EF3083B365F73293DC65F2F0AB6F4B7009DCA1A520059991B7EE7EAF8F874F859236B36CA385DCF21A89B2BA20C936D4F8AD65115F3CD6EAF102F3EE63C1B0BC75A59B8CED7D86FA012669C03
20160411012408 2 6 100 2047 2 E4A8D6B2974C56CD3939CB0B5C11D775A7C69854FA865EB45CA17BFFE87470AE99F5C7A6A66F8F4039D1E454DC71752BA872F90B80443E921872E62F512FABC8E19EE589B40B7CB2A2CA43DC1BE9A2E5DC19CD914DEDB2362CDCE5B84AA0D9E24217B553FE21D59D1D4E8921D89EBB9309AD75B2A4152FEEDA5B962FD8259E4DE7CD6714CA46729C6FF134364F471CA987934572B7B8ADD4699766F0BDD8AB608AAB788A6359BE5BB562DD43E082D7C58D21A54EF3083B365F73293DC65F2F0AB6F4B7009DCA1A520059991B7EE7EAF8F874F859236B36CA385DCF21A89B2BA20C936D4F8AD65115F3CD6EAF102F3EE63C1B0BC75A59B8CED7D86FA012BD2E23
20160411012425 2 6 100 2047 2 E4A8D6B2974C56CD3939CB0B5C11D775A7C69854FA865EB45CA17BFFE87470AE99F5C7A6A66F8F4039D1E454DC71752BA872F90B80443E921872E62F512FABC8E19EE589B40B7CB2A2CA43DC1BE9A2E5DC19CD914DEDB2362CDCE5B84AA0D9E24217B553FE21D59D1D4E8921D89EBB9309AD75B2A4152FEEDA5B962FD8259E4DE7CD6714CA46729C6FF134364F471CA987934572B7B8ADD4699766F0BDD8AB608AAB788A6359BE5BB562DD43E082D7C58D21A54EF3083B365F73293DC65F2F0AB6F4B7009DCA1A520059991B7EE7EAF8F874F859236B36CA385DCF21A89B2BA20C936D4F8AD65115F3CD6EAF102F3EE63C1B0BC75A59B8CED7D86FA0134C125B
20160411012437 2 6 100 2047 2 E4A8D6B2974C56CD3939CB0B5C11D775A7C69854FA865EB45CA17BFFE87470AE99F5C7A6A66F8F4039D1E454DC71752BA872F90B80443E921872E62F512FABC8E19EE589B40B7CB2A2CA43DC1BE9A2E5DC19CD914DEDB2362CDCE5B84AA0D9E24217B553FE21D59D1D4E8921D89EBB9309AD75B2A4152FEEDA5B962FD8259E4DE7CD6714CA46729C6FF134364F471CA987934572B7B8ADD4699766F0BDD8AB608AAB788A6359BE5BB562DD43E082D7C58D21A54EF3083B365F73293DC65F2F0AB6F4B7009DCA1A520059991B7EE7EAF8F874F859236B36CA385DCF21A89B2BA20C936D4F8AD65115F3CD6EAF102F3EE63C1B0BC75A59B8CED7D86FA013B73EC3
20160411012443 2 6 100 2047 2 E4A8D6B2974C56CD3939CB0B5C11D775A7C69854FA865EB45CA17BFFE87470AE99F5C7A6A66F8F4039D1E454DC71752BA872F90B80443E921872E62F512FABC8E19EE589B40B7CB2A2CA43DC1BE9A2E5DC19CD914DEDB2362CDCE5B84AA0D9E24217B553FE21D59D1D4E8921D89EBB9309AD75B2A4152FEEDA5B962FD8259E4DE7CD6714CA46729C6FF134364F471CA987934572B7B8ADD4699766F0BDD8AB608AAB788A6359BE5BB562DD43E082D7C58D21A54EF3083B365F73293DC65F2F0AB6F4B7009DCA1A520059991B7EE7EAF8F874F859236B36CA385DCF21A89B2BA20C936D4F8AD65115F3CD6EAF102F3EE63C1B0BC75A59B8CED7D86FA013EA09CB
20160411012446 2 6 100 2047 5 E4A8D6B2974C56CD3939CB0B5C11D775A7C69854FA865EB45CA17BFFE87470AE99F5C7A6A66F8F4039D1E454DC71752BA872F90B80443E921872E62F512FABC8E19EE589B40B7CB2A2CA43DC1BE9A2E5DC19CD914DEDB2362CDCE5B84AA0D9E24217B553FE21D59D1D4E8921D89EBB9309AD75B2A4152FEEDA5B962FD8259E4DE7CD6714CA46729C6FF134364F471CA987934572B7B8ADD4699766F0BDD8AB608AAB788A6359BE5BB562DD43E082D7C58D21A54EF3083B365F73293DC65F2F0AB6F4B7009DCA1A520059991B7EE7EAF8F874F859236B36CA385DCF21A89B2BA20C936D4F8AD65115F3CD6EAF102F3EE63C1B0BC75A59B8CED7D86FA013F5E82F
20160411012447 2 6 100 2047 5 E4A8D6B2974C56CD3939CB0B5C11D775A7C69854FA865EB45CA17BFFE87470AE99F5C7A6A66F8F4039D1E454DC71752BA872F90B80443E921872E62F512FABC8E19EE589B40B7CB2A2CA43DC1BE9A2E5DC19CD914DEDB2362CDCE5B84AA0D9E24217B553FE21D59D1D4E8921D89EBB9309AD75B2A4152FEEDA5B962FD8259E4DE7CD6714CA46729C6FF134364F471CA987934572B7B8ADD4699766F0BDD8AB608AAB788A6359BE5BB562DD43E082D7C58D21A54EF3083B365F73293DC65F2F0AB6F4B7009DCA1A520059991B7EE7EAF8F874F859236B36CA385DCF21A89B2BA20C936D4F8AD65115F3CD6EAF102F3EE63C1B0BC75A59B8CED7D86FA013FF4AFF
20160411012455 2 6 100 2047 5 E4A8D6B2974C56CD3939CB0B5C11D775A7C69854FA865EB45CA17BFFE87470AE99F5C7A6A66F8F4039D1E454DC71752BA872F90B80443E921872E62F512FABC8E19EE589B40B7CB2A2CA43DC1BE9A2E5DC19CD914DEDB2362CDCE5B84AA0D9E24217B553FE21D59D1D4E8921D89EBB9309AD75B2A4152FEEDA5B962FD8259E4DE7CD6714CA46729C6FF134364F471CA987934572B7B8ADD4699766F0BDD8AB608AAB788A6359BE5BB562DD43E082D7C58D21A54EF3083B365F73293DC65F2F0AB6F4B7009DCA1A520059991B7EE7EAF8F874F859236B36CA385DCF21A89B2BA20C936D4F8AD65115F3CD6EAF102F3EE63C1B0BC75A59B8CED7D86FA0144084CF
20160411012502 2 6 100 2047 2 E4A8D6B2974C56CD3939CB0B5C11D775A7C69854FA865EB45CA17BFFE87470AE99F5C7A6A66F8F4039D1E454DC71752BA872F90B80443E921872E62F512FABC8E19EE589B40B7CB2A2CA43DC1BE9A2E5DC19CD914DEDB2362CDCE5B84AA0D9E24217B553FE21D59D1D4E8921D89EBB9309AD75B2A4152FEEDA5B962FD8259E4DE7CD6714CA46729C6FF134364F471CA987934572B7B8ADD4699766F0BDD8AB608AAB788A6359BE5BB562DD43E082D7C58D21A54EF3083B365F73293DC65F2F0AB6F4B7009DCA1A520059991B7EE7EAF8F874F859236B36CA385DCF21A89B2BA20C936D4F8AD65115F3CD6EAF102F3EE63C1B0BC75A59B8CED7D86FA014793213
20160411012503 2 6 100 2047 2 E4A8D6B2974C56CD3939CB0B5C11D775A7C69854FA865EB45CA17BFFE87470AE99F5C7A6A66F8F4039D1E454DC71752BA872F90B80443E921872E62F512FABC8E19EE589B40B7CB2A2CA43DC1BE9A2E5DC19CD914DEDB2362CDCE5B84AA0D9E24217B553FE21D59D1D4E8921D89EBB9309AD75B2A4152FEEDA5B962FD8259E4DE7CD6714CA46729C6FF134364F471CA987934572B7B8ADD4699766F0BDD8AB608AAB788A6359BE5BB562DD43E082D7C58D21A54EF3083B365F73293DC65F2F0AB6F4B7009DCA1A520059991B7EE7EAF8F874F859236B36CA385DCF21A89B2BA20C936D4F8AD65115F3CD6EAF102F3EE63C1B0BC75A59B8CED7D86FA0147E2DA3
20160411012505 2 6 100 2047 5 E4A8D6B2974C56CD3939CB0B5C11D775A7C69854FA865EB45CA17BFFE87470AE99F5C7A6A66F8F4039D1E454DC71752BA872F90B80443E921872E62F512FABC8E19EE589B40B7CB2A2CA43DC1BE9A2E5DC19CD914DEDB2362CDCE5B84AA0D9E24217B553FE21D59D1D4E8921D89EBB9309AD75B2A4152FEEDA5B962FD8259E4DE7CD6714CA46729C6FF134364F471CA987934572B7B8ADD4699766F0BDD8AB608AAB788A6359BE5BB562DD43E082D7C58D21A54EF3083B365F73293DC65F2F0AB6F4B7009DCA1A520059991B7EE7EAF8F874F859236B36CA385DCF21A89B2BA20C936D4F8AD65115F3CD6EAF102F3EE63C1B0BC75A59B8CED7D86FA014829E37
20160411012506 2 6 100 2047 2 E4A8D6B2974C56CD3939CB0B5C11D775A7C69854FA865EB45CA17BFFE87470AE99F5C7A6A66F8F4039D1E454DC71752BA872F90B80443E921872E62F512FABC8E19EE589B40B7CB2A2CA43DC1BE9A2E5DC19CD914DEDB2362CDCE5B84AA0D9E24217B553FE21D59D1D4E8921D89EBB9309AD75B2A4152FEEDA5B962FD8259E4DE7CD6714CA46729C6FF134364F471CA987934572B7B8ADD4699766F0BDD8AB608AAB788A6359BE5BB562DD43E082D7C58D21A54EF3083B365F73293DC65F2F0AB6F4B7009DCA1A520059991B7EE7EAF8F874F859236B36CA385DCF21A89B2BA20C936D4F8AD65115F3CD6EAF102F3EE63C1B0BC75A59B8CED7D86FA0148597FB
20160411012525 2 6 100 2047 2 E4A8D6B2974C56CD3939CB0B5C11D775A7C69854FA865EB45CA17BFFE87470AE99F5C7A6A66F8F4039D1E454DC71752BA872F90B80443E921872E62F512FABC8E19EE589B40B7CB2A2CA43DC1BE9A2E5DC19CD914DEDB2362CDCE5B84AA0D9E24217B553FE21D59D1D4E8921D89EBB9309AD75B2A4152FEEDA5B962FD8259E4DE7CD6714CA46729C6FF134364F471CA987934572B7B8ADD4699766F0BDD8AB608AAB788A6359BE5BB562DD43E082D7C58D21A54EF3083B365F73293DC65F2F0AB6F4B7009DCA1A520059991B7EE7EAF8F874F859236B36CA385DCF21A89B2BA20C936D4F8AD65115F3CD6EAF102F3EE63C1B0BC75A59B8CED7D86FA0153789C3
20160411012537 2 6 100 2047 5 E4A8D6B2974C56CD3939CB0B5C11D775A7C69854FA865EB45CA17BFFE87470AE99F5C7A6A66F8F4039D1E454DC71752BA872F90B80443E921872E62F512FABC8E19EE589B40B7CB2A2CA43DC1BE9A2E5DC19CD914DEDB2362CDCE5B84AA0D9E24217B553FE21D59D1D4E8921D89EBB9309AD75B2A4152FEEDA5B962FD8259E4DE7CD6714CA46729C6FF134364F471CA987934572B7B8ADD4699766F0BDD8AB608AAB788A6359BE5BB562DD43E082D7C58D21A54EF3083B365F73293DC65F2F0AB6F4B7009DCA1A520059991B7EE7EAF8F874F859236B36CA385DCF21A89B2BA20C936D4F8AD65115F3CD6EAF102F3EE63C1B0BC75A59B8CED7D86FA015A15B87
20160411012548 2 6 100 2047 2 E4A8D6B2974C56CD3939CB0B5C11D775A7C69854FA865EB45CA17BFFE87470AE99F5C7A6A66F8F4039D1E454DC71752BA872F90B80443E921872E62F512FABC8E19EE589B40B7CB2A2CA43DC1BE9A2E5DC19CD914DEDB2362CDCE5B84AA0D9E24217B553FE21D59D1D4E8921D89EBB9309AD75B2A4152FEEDA5B962FD8259E4DE7CD6714CA46729C6FF134364F471CA987934572B7B8ADD4699766F0BDD8AB608AAB788A6359BE5BB562DD43E082D7C58D21A54EF3083B365F73293DC65F2F0AB6F4B7009DCA1A520059991B7EE7EAF8F874F859236B36CA385DCF21A89B2BA20C936D4F8AD65115F3CD6EAF102F3EE63C1B0BC75A59B8CED7D86FA015FAAC43
20160411012554 2 6 100 2047 5 E4A8D6B2974C56CD3939CB0B5C11D775A7C69854FA865EB45CA17BFFE87470AE99F5C7A6A66F8F4039D1E454DC71752BA872F90B80443E921872E62F512FABC8E19EE589B40B7CB2A2CA43DC1BE9A2E5DC19CD914DEDB2362CDCE5B84AA0D9E24217B553FE21D59D1D4E8921D89EBB9309AD75B2A4152FEEDA5B962FD8259E4DE7CD6714CA46729C6FF134364F471CA987934572B7B8ADD4699766F0BDD8AB608AAB788A6359BE5BB562DD43E082D7C58D21A54EF3083B365F73293DC65F2F0AB6F4B7009DCA1A520059991B7EE7EAF8F874F859236B36CA385DCF21A89B2BA20C936D4F8AD65115F3CD6EAF102F3EE63C1B0BC75A59B8CED7D86FA016306C5F
20160411012608 2 6 100 2047 2 E4A8D6B2974C56CD3939CB0B5C11D775A7C69854FA865EB45CA17BFFE87470AE99F5C7A6A66F8F4039D1E454DC71752BA872F90B80443E921872E62F512FABC8E19EE589B40B7CB2A2CA43DC1BE9A2E5DC19CD914DEDB2362CDCE5B84AA0D9E24217B553FE21D59D1D4E8921D89EBB9309AD75B2A4152FEEDA5B962FD8259E4DE7CD6714CA46729C6FF134364F471CA987934572B7B8ADD4699766F0BDD8AB608AAB788A6359BE5BB562DD43E082D7C58D21A54EF3083B365F73293DC65F2F0AB6F4B7009DCA1A520059991B7EE7EAF8F874F859236B36CA385DCF21A89B2BA20C936D4F8AD65115F3CD6EAF102F3EE63C1B0BC75A59B8CED7D86FA016AA5493
20160411012615 2 6 100 2047 5 E4A8D6B2974C56CD3939CB0B5C11D775A7C69854FA865EB45CA17BFFE87470AE99F5C7A6A66F8F4039D1E454DC71752BA872F90B80443E921872E62F512FABC8E19EE589B40B7CB2A2CA43DC1BE9A2E5DC19CD914DEDB2362CDCE5B84AA0D9E24217B553FE21D59D1D4E8921D89EBB9309AD75B2A4152FEEDA5B962FD8259E4DE7CD6714CA46729C6FF134364F471CA987934572B7B8ADD4699766F0BDD8AB608AAB788A6359BE5BB562DD43E082D7C58D21A54EF3083B365F73293DC65F2F0AB6F4B7009DCA1A520059991B7EE7EAF8F874F859236B36CA385DCF21A89B2BA20C936D4F8AD65115F3CD6EAF102F3EE63C1B0BC75A59B8CED7D86FA016E2C04F
20160411012617 2 6 100 2047 5 E4A8D6B2974C56CD3939CB0B5C11D775A7C69854FA865EB45CA17BFFE87470AE99F5C7A6A66F8F4039D1E454DC71752BA872F90B80443E921872E62F512FABC8E19EE589B40B7CB2A2CA43DC1BE9A2E5DC19CD914DEDB2362CDCE5B84AA0D9E24217B553FE21D59D1D4E8921D89EBB9309AD75B2A4152FEEDA5B962FD8259E4DE7CD6714CA46729C6FF134364F471CA987934572B7B8ADD4699766F0BDD8AB608AAB788A6359BE5BB562DD43E082D7C58D21A54EF3083B365F73293DC65F2F0AB6F4B7009DCA1A520059991B7EE7EAF8F874F859236B36CA385DCF21A89B2BA20C936D4F8AD65115F3CD6EAF102F3EE63C1B0BC75A59B8CED7D86FA016EA8897
20160411012635 2 6 100 2047 2 E4A8D6B2974C56CD3939CB0B5C11D775A7C69854FA865EB45CA17BFFE87470AE99F5C7A6A66F8F4039D1E454DC71752BA872F90B80443E921872E62F512FABC8E19EE589B40B7CB2A2CA43DC1BE9A2E5DC19CD914DEDB2362CDCE5B84AA0D9E24217B553FE21D59D1D4E8921D89EBB9309AD75B2A4152FEEDA5B962FD8259E4DE7CD6714CA46729C6FF134364F471CA987934572B7B8ADD4699766F0BDD8AB608AAB788A6359BE5BB562DD43E082D7C58D21A54EF3083B365F73293DC65F2F0AB6F4B7009DCA1A520059991B7EE7EAF8F874F859236B36CA385DCF21A89B2BA20C936D4F8AD65115F3CD6EAF102F3EE63C1B0BC75A59B8CED7D86FA01792EC03
20160411012640 2 6 100 2047 5 E4A8D6B2974C56CD3939CB0B5C11D775A7C69854FA865EB45CA17BFFE87470AE99F5C7A6A66F8F4039D1E454DC71752BA872F90B80443E921872E62F512FABC8E19EE589B40B7CB2A2CA43DC1BE9A2E5DC19CD914DEDB2362CDCE5B84AA0D9E24217B553FE21D59D1D4E8921D89EBB9309AD75B2A4152FEEDA5B962FD8259E4DE7CD6714CA46729C6FF134364F471CA987934572B7B8ADD4699766F0BDD8AB608AAB788A6359BE5BB562DD43E082D7C58D21A54EF3083B365F73293DC65F2F0AB6F4B7009DCA1A520059991B7EE7EAF8F874F859236B36CA385DCF21A89B2BA20C936D4F8AD65115F3CD6EAF102F3EE63C1B0BC75A59B8CED7D86FA017B0E87F
20160411012643 2 6 100 2047 5 E4A8D6B2974C56CD3939CB0B5C11D775A7C69854FA865EB45CA17BFFE87470AE99F5C7A6A66F8F4039D1E454DC71752BA872F90B80443E921872E62F512FABC8E19EE589B40B7CB2A2CA43DC1BE9A2E5DC19CD914DEDB2362CDCE5B84AA0D9E24217B553FE21D59D1D4E8921D89EBB9309AD75B2A4152FEEDA5B962FD8259E4DE7CD6714CA46729C6FF134364F471CA987934572B7B8ADD4699766F0BDD8AB608AAB788A6359BE5BB562DD43E082D7C58D21A54EF3083B365F73293DC65F2F0AB6F4B7009DCA1A520059991B7EE7EAF8F874F859236B36CA385DCF21A89B2BA20C936D4F8AD65115F3CD6EAF102F3EE63C1B0BC75A59B8CED7D86FA017CB4F4F
